 &plot nbnd=  12, nks=   231 /
           -0.500000  0.500000  0.500000
   -3.471   -0.846    4.967    4.967    7.637    9.454    9.454   13.693   16.697   16.697
   17.381   17.455
           -0.492958  0.492958  0.492958
   -3.474   -0.842    4.967    4.967    7.638    9.454    9.454   13.693   16.670   16.670
   17.370   17.484
           -0.485915  0.485915  0.485915
   -3.483   -0.830    4.968    4.968    7.639    9.456    9.456   13.695   16.598   16.598
   17.338   17.560
           -0.478873  0.478873  0.478873
   -3.497   -0.809    4.970    4.970    7.641    9.458    9.458   13.699   16.499   16.499
   17.287   17.667
           -0.471831  0.471831  0.471831
   -3.517   -0.781    4.973    4.973    7.644    9.461    9.461   13.703   16.385   16.385
   17.220   17.791
           -0.464789  0.464789  0.464789
   -3.542   -0.745    4.976    4.976    7.647    9.465    9.465   13.709   16.264   16.264
   17.140   17.926
           -0.457746  0.457746  0.457746
   -3.571   -0.702    4.980    4.980    7.652    9.469    9.469   13.717   16.138   16.138
   17.049   18.068
           -0.450704  0.450704  0.450704
   -3.605   -0.653    4.984    4.984    7.657    9.475    9.475   13.725   16.011   16.011
   16.951   18.214
           -0.443662  0.443662  0.443662
   -3.642   -0.597    4.990    4.990    7.663    9.481    9.481   13.735   15.884   15.884
   16.847   18.364
           -0.436620  0.436620  0.436620
   -3.682   -0.536    4.996    4.996    7.670    9.488    9.488   13.745   15.757   15.757
   16.738   18.516
           -0.429577  0.429577  0.429577
   -3.726   -0.469    5.002    5.002    7.678    9.495    9.495   13.757   15.630   15.630
   16.626   18.670
           -0.422535  0.422535  0.422535
   -3.772   -0.398    5.010    5.010    7.687    9.503    9.503   13.770   15.505   15.505
   16.511   18.826
           -0.415493  0.415493  0.415493
   -3.819   -0.322    5.018    5.018    7.696    9.512    9.512   13.783   15.382   15.382
   16.395   18.983
           -0.408451  0.408451  0.408451
   -3.869   -0.241    5.027    5.027    7.706    9.521    9.521   13.797   15.260   15.260
   16.278   19.140
           -0.401408  0.401408  0.401408
   -3.920   -0.157    5.036    5.036    7.717    9.531    9.531   13.812   15.140   15.140
   16.161   19.298
           -0.394366  0.394366  0.394366
   -3.972   -0.070    5.047    5.047    7.729    9.541    9.541   13.826   15.022   15.022
   16.044   19.457
           -0.387324  0.387324  0.387324
   -4.025    0.021    5.058    5.058    7.742    9.551    9.551   13.841   14.907   14.907
   15.927   19.615
           -0.380282  0.380282  0.380282
   -4.078    0.115    5.069    5.069    7.755    9.562    9.562   13.855   14.793   14.793
   15.812   19.773
           -0.373239  0.373239  0.373239
   -4.132    0.211    5.082    5.082    7.769    9.573    9.573   13.868   14.683   14.683
   15.698   19.929
           -0.366197  0.366197  0.366197
   -4.186    0.310    5.095    5.095    7.784    9.583    9.583   13.880   14.575   14.575
   15.588   20.063
           -0.359155  0.359155  0.359155
   -4.241    0.412    5.109    5.109    7.800    9.594    9.594   13.889   14.469   14.469
   15.480   20.002
           -0.352113  0.352113  0.352113
   -4.295    0.516    5.123    5.123    7.816    9.604    9.604   13.895   14.367   14.367
   15.377   19.920
           -0.345070  0.345070  0.345070
   -4.349    0.622    5.138    5.138    7.834    9.614    9.614   13.896   14.268   14.268
   15.280   19.819
           -0.338028  0.338028  0.338028
   -4.403    0.731    5.154    5.154    7.852    9.623    9.623   13.891   14.172   14.172
   15.191   19.704
           -0.330986  0.330986  0.330986
   -4.456    0.841    5.170    5.170    7.870    9.632    9.632   13.878   14.080   14.080
   15.110   19.577
           -0.323944  0.323944  0.323944
   -4.509    0.953    5.187    5.187    7.890    9.640    9.640   13.856   13.991   13.991
   15.039   19.441
           -0.316901  0.316901  0.316901
   -4.561    1.066    5.205    5.205    7.910    9.647    9.647   13.823   13.906   13.906
   14.981   19.297
           -0.309859  0.309859  0.309859
   -4.613    1.182    5.224    5.224    7.931    9.653    9.653   13.777   13.825   13.825
   14.936   19.147
           -0.302817  0.302817  0.302817
   -4.664    1.299    5.243    5.243    7.952    9.658    9.658   13.720   13.748   13.748
   14.904   18.995
           -0.295775  0.295775  0.295775
   -4.714    1.417    5.263    5.263    7.974    9.662    9.662   13.650   13.675   13.675
   14.885   18.839
           -0.288732  0.288732  0.288732
   -4.764    1.537    5.283    5.283    7.997    9.663    9.663   13.570   13.607   13.607
   14.877   18.683
           -0.281690  0.281690  0.281690
   -4.812    1.658    5.304    5.304    8.021    9.663    9.663   13.482   13.543   13.543
   14.878   18.526
           -0.274648  0.274648  0.274648
   -4.860    1.780    5.326    5.326    8.045    9.661    9.661   13.386   13.484   13.484
   14.887   18.370
           -0.267606  0.267606  0.267606
   -4.907    1.904    5.348    5.348    8.069    9.657    9.657   13.283   13.430   13.430
   14.902   18.215
           -0.260563  0.260563  0.260563
   -4.953    2.029    5.370    5.370    8.094    9.651    9.651   13.177   13.381   13.381
   14.922   18.062
           -0.253521  0.253521  0.253521
   -4.997    2.155    5.394    5.394    8.120    9.642    9.642   13.066   13.337   13.337
   14.945   17.911
           -0.246479  0.246479  0.246479
   -5.041    2.282    5.418    5.418    8.146    9.632    9.632   12.952   13.298   13.298
   14.970   17.764
           -0.239437  0.239437  0.239437
   -5.084    2.410    5.442    5.442    8.173    9.618    9.618   12.836   13.264   13.264
   14.996   17.622
           -0.232394  0.232394  0.232394
   -5.126    2.539    5.467    5.467    8.200    9.603    9.603   12.718   13.236   13.236
   15.022   17.484
           -0.225352  0.225352  0.225352
   -5.166    2.668    5.492    5.492    8.227    9.584    9.584   12.598   13.213   13.213
   15.047   17.352
           -0.218310  0.218310  0.218310
   -5.206    2.799    5.518    5.518    8.255    9.564    9.564   12.476   13.195   13.195
   15.070   17.227
           -0.211268  0.211268  0.211268
   -5.244    2.930    5.544    5.544    8.283    9.541    9.541   12.354   13.182   13.182
   15.089   17.111
           -0.204225  0.204225  0.204225
   -5.281    3.062    5.570    5.570    8.311    9.515    9.515   12.231   13.174   13.174
   15.103   17.004
           -0.197183  0.197183  0.197183
   -5.318    3.194    5.597    5.597    8.340    9.488    9.488   12.107   13.171   13.171
   15.111   16.908
           -0.190141  0.190141  0.190141
   -5.352    3.327    5.624    5.624    8.368    9.458    9.458   11.982   13.173   13.173
   15.111   16.825
           -0.183099  0.183099  0.183099
   -5.386    3.460    5.652    5.652    8.397    9.427    9.427   11.858   13.180   13.180
   15.101   16.755
           -0.176056  0.176056  0.176056
   -5.419    3.593    5.679    5.679    8.425    9.393    9.393   11.732   13.190   13.190
   15.082   16.700
           -0.169014  0.169014  0.169014
   -5.450    3.727    5.707    5.707    8.453    9.359    9.359   11.607   13.205   13.205
   15.052   16.660
           -0.161972  0.161972  0.161972
   -5.480    3.861    5.735    5.735    8.481    9.323    9.323   11.481   13.223   13.223
   15.012   16.634
           -0.154930  0.154930  0.154930
   -5.509    3.995    5.762    5.762    8.509    9.286    9.286   11.356   13.245   13.245
   14.963   16.623
           -0.147887  0.147887  0.147887
   -5.537    4.128    5.790    5.790    8.536    9.249    9.249   11.231   13.270   13.270
   14.906   16.624
           -0.140845  0.140845  0.140845
   -5.563    4.261    5.818    5.818    8.563    9.210    9.210   11.106   13.299   13.299
   14.842   16.635
           -0.133803  0.133803  0.133803
   -5.588    4.394    5.845    5.845    8.588    9.172    9.172   10.983   13.329   13.329
   14.774   16.656
           -0.126761  0.126761  0.126761
   -5.612    4.525    5.872    5.872    8.613    9.133    9.133   10.860   13.362   13.362
   14.703   16.684
           -0.119718  0.119718  0.119718
   -5.635    4.656    5.899    5.899    8.637    9.095    9.095   10.738   13.397   13.397
   14.631   16.718
           -0.112676  0.112676  0.112676
   -5.656    4.785    5.925    5.925    8.659    9.057    9.057   10.618   13.433   13.433
   14.558   16.757
           -0.105634  0.105634  0.105634
   -5.676    4.913    5.950    5.950    8.680    9.020    9.020   10.501   13.471   13.471
   14.486   16.798
           -0.098592  0.098592  0.098592
   -5.695    5.039    5.975    5.975    8.699    8.984    8.984   10.386   13.509   13.509
   14.416   16.842
           -0.091549  0.091549  0.091549
   -5.713    5.163    5.999    5.999    8.716    8.949    8.949   10.274   13.548   13.548
   14.348   16.888
           -0.084507  0.084507  0.084507
   -5.729    5.283    6.022    6.022    8.730    8.915    8.915   10.166   13.587   13.587
   14.283   16.933
           -0.077465  0.077465  0.077465
   -5.744    5.400    6.043    6.043    8.741    8.883    8.883   10.062   13.625   13.625
   14.222   16.979
           -0.070423  0.070423  0.070423
   -5.758    5.513    6.064    6.064    8.750    8.853    8.853    9.965   13.662   13.662
   14.165   17.023
           -0.063380  0.063380  0.063380
   -5.770    5.621    6.083    6.083    8.754    8.825    8.825    9.874   13.698   13.698
   14.112   17.066
           -0.056338  0.056338  0.056338
   -5.781    5.723    6.101    6.101    8.755    8.799    8.799    9.791   13.731   13.731
   14.064   17.107
           -0.049296  0.049296  0.049296
   -5.791    5.818    6.116    6.116    8.753    8.776    8.776    9.717   13.763   13.763
   14.021   17.144
           -0.042254  0.042254  0.042254
   -5.800    5.904    6.130    6.130    8.746    8.755    8.755    9.653   13.791   13.791
   13.984   17.178
           -0.035211  0.035211  0.035211
   -5.807    5.981    6.143    6.143    8.737    8.737    8.737    9.599   13.816   13.816
   13.951   17.208
           -0.028169  0.028169  0.028169
   -5.813    6.047    6.153    6.153    8.723    8.723    8.726    9.555   13.837   13.837
   13.925   17.233
           -0.021127  0.021127  0.021127
   -5.817    6.100    6.161    6.161    8.711    8.711    8.715    9.522   13.854   13.854
   13.904   17.253
           -0.014085  0.014085  0.014085
   -5.821    6.139    6.166    6.166    8.703    8.703    8.705    9.499   13.866   13.866
   13.889   17.268
           -0.007042  0.007042  0.007042
   -5.822    6.163    6.170    6.170    8.698    8.698    8.698    9.485   13.874   13.874
   13.880   17.277
            0.000000  0.000000  0.000000
   -5.823    6.171    6.171    6.171    8.696    8.696    8.696    9.481   13.877   13.877
   13.877   17.280
           -0.017241  0.000000  0.000000
   -5.822    6.162    6.165    6.165    8.693    8.704    8.704    9.489   13.865   13.878
   13.883   17.282
           -0.034483  0.000000  0.000000
   -5.818    6.135    6.148    6.148    8.682    8.726    8.726    9.516   13.831   13.882
   13.901   17.289
           -0.051724  0.000000  0.000000
   -5.811    6.091    6.120    6.120    8.665    8.762    8.762    9.559   13.776   13.889
   13.931   17.300
           -0.068966  0.000000  0.000000
   -5.802    6.031    6.082    6.082    8.642    8.811    8.811    9.617   13.703   13.900
   13.972   17.316
           -0.086207  0.000000  0.000000
   -5.790    5.957    6.035    6.035    8.613    8.872    8.872    9.688   13.613   13.913
   14.024   17.337
           -0.103448  0.000000  0.000000
   -5.776    5.871    5.980    5.980    8.578    8.944    8.944    9.770   13.511   13.928
   14.088   17.362
           -0.120690  0.000000  0.000000
   -5.759    5.774    5.920    5.920    8.537    9.025    9.025    9.860   13.400   13.947
   14.161   17.392
           -0.137931  0.000000  0.000000
   -5.740    5.668    5.853    5.853    8.492    9.115    9.115    9.956   13.281   13.969
   14.245   17.426
           -0.155172  0.000000  0.000000
   -5.717    5.554    5.783    5.783    8.443    9.213    9.213   10.056   13.160   13.993
   14.337   17.465
           -0.172414  0.000000  0.000000
   -5.693    5.433    5.709    5.709    8.390    9.317    9.317   10.156   13.039   14.021
   14.438   17.508
           -0.189655  0.000000  0.000000
   -5.665    5.307    5.633    5.633    8.334    9.426    9.426   10.253   12.923   14.051
   14.548   17.556
           -0.206897  0.000000  0.000000
   -5.635    5.176    5.554    5.554    8.275    9.541    9.541   10.344   12.815   14.084
   14.665   17.608
           -0.224138  0.000000  0.000000
   -5.603    5.041    5.474    5.474    8.214    9.660    9.660   10.424   12.720   14.120
   14.789   17.665
           -0.241379  0.000000  0.000000
   -5.568    4.903    5.394    5.394    8.151    9.783    9.783   10.487   12.645   14.159
   14.920   17.726
           -0.258621  0.000000  0.000000
   -5.530    4.763    5.313    5.313    8.087    9.909    9.909   10.529   12.594   14.200
   15.057   17.791
           -0.275862  0.000000  0.000000
   -5.490    4.619    5.231    5.231    8.022   10.039   10.039   10.544   12.572   14.245
   15.200   17.861
           -0.293103  0.000000  0.000000
   -5.447    4.474    5.151    5.151    7.956   10.171   10.171   10.531   12.582   14.293
   15.348   17.935
           -0.310345  0.000000  0.000000
   -5.401    4.327    5.070    5.070    7.890   10.306   10.306   10.490   12.623   14.343
   15.501   18.013
           -0.327586  0.000000  0.000000
   -5.353    4.179    4.990    4.990    7.824   10.424   10.443   10.443   12.693   14.396
   15.658   18.095
           -0.344828  0.000000  0.000000
   -5.303    4.029    4.911    4.911    7.758   10.337   10.582   10.582   12.788   14.452
   15.820   18.181
           -0.362069  0.000000  0.000000
   -5.250    3.879    4.834    4.834    7.693   10.235   10.723   10.723   12.902   14.511
   15.985   18.270
           -0.379310  0.000000  0.000000
   -5.194    3.727    4.757    4.757    7.628   10.120   10.865   10.865   13.032   14.573
   16.154   18.363
           -0.396552  0.000000  0.000000
   -5.136    3.575    4.682    4.682    7.564    9.998   11.009   11.009   13.175   14.638
   16.326   18.460
           -0.413793  0.000000  0.000000
   -5.076    3.422    4.608    4.608    7.502    9.869   11.155   11.155   13.327   14.705
   16.501   18.559
           -0.431034  0.000000  0.000000
   -5.013    3.268    4.535    4.535    7.440    9.738   11.302   11.302   13.486   14.776
   16.678   18.660
           -0.448276  0.000000  0.000000
   -4.947    3.115    4.464    4.464    7.381    9.604   11.450   11.450   13.652   14.849
   16.857   18.763
           -0.465517  0.000000  0.000000
   -4.880    2.960    4.395    4.395    7.322    9.470   11.599   11.599   13.822   14.925
   17.038   18.868
           -0.482759  0.000000  0.000000
   -4.809    2.806    4.328    4.328    7.266    9.336   11.749   11.749   13.996   15.004
   17.219   18.973
           -0.500000  0.000000  0.000000
   -4.736    2.651    4.263    4.263    7.211    9.203   11.900   11.900   14.173   15.086
   17.402   19.078
           -0.517241  0.000000  0.000000
   -4.661    2.496    4.199    4.199    7.158    9.072   12.052   12.052   14.352   15.170
   17.585   19.180
           -0.534483  0.000000  0.000000
   -4.583    2.341    4.137    4.137    7.108    8.943   12.205   12.205   14.533   15.258
   17.767   19.279
           -0.551724  0.000000  0.000000
   -4.503    2.186    4.078    4.078    7.059    8.816   12.359   12.359   14.715   15.348
   17.948   19.372
           -0.568966  0.000000  0.000000
   -4.421    2.031    4.020    4.020    7.013    8.692   12.514   12.514   14.899   15.441
   18.128   19.456
           -0.586207  0.000000  0.000000
   -4.336    1.876    3.964    3.964    6.969    8.571   12.669   12.669   15.083   15.537
   18.305   19.528
           -0.603448  0.000000  0.000000
   -4.249    1.721    3.911    3.911    6.928    8.453   12.825   12.825   15.267   15.636
   18.479   19.585
           -0.620690  0.000000  0.000000
   -4.160    1.566    3.859    3.859    6.889    8.339   12.982   12.982   15.451   15.738
   18.649   19.623
           -0.637931  0.000000  0.000000
   -4.068    1.412    3.810    3.810    6.852    8.228   13.139   13.139   15.636   15.842
   18.813   19.637
           -0.655172  0.000000  0.000000
   -3.974    1.258    3.762    3.762    6.818    8.120   13.297   13.297   15.820   15.950
   18.971   19.626
           -0.672414  0.000000  0.000000
   -3.878    1.104    3.717    3.717    6.787    8.017   13.456   13.456   16.003   16.060
   19.120   19.589
           -0.689655  0.000000  0.000000
   -3.780    0.951    3.675    3.675    6.758    7.917   13.615   13.615   16.173   16.185
   19.259   19.527
           -0.706897  0.000000  0.000000
   -3.679    0.798    3.634    3.634    6.733    7.820   13.775   13.775   16.289   16.367
   19.388   19.441
           -0.724138  0.000000  0.000000
   -3.576    0.646    3.596    3.596    6.710    7.728   13.935   13.935   16.407   16.547
   19.336   19.336
           -0.741379  0.000000  0.000000
   -3.471    0.495    3.560    3.560    6.690    7.639   14.096   14.096   16.529   16.726
   19.215   19.215
           -0.758621  0.000000  0.000000
   -3.364    0.344    3.526    3.526    6.673    7.554   14.258   14.258   16.653   16.904
   19.081   19.081
           -0.775862  0.000000  0.000000
   -3.255    0.194    3.494    3.494    6.659    7.473   14.419   14.419   16.780   17.079
   18.937   18.937
           -0.793103  0.000000  0.000000
   -3.144    0.045    3.465    3.465    6.648    7.396   14.581   14.581   16.909   17.253
   18.786   18.786
           -0.810345  0.000000  0.000000
   -3.030   -0.104    3.438    3.438    6.640    7.323   14.744   14.744   17.042   17.425
   18.630   18.630
           -0.827586  0.000000  0.000000
   -2.915   -0.251    3.413    3.413    6.635    7.254   14.906   14.906   17.177   17.594
   18.469   18.469
           -0.844828  0.000000  0.000000
   -2.798   -0.397    3.391    3.391    6.633    7.188   15.068   15.068   17.315   17.762
   18.307   18.307
           -0.862069  0.000000  0.000000
   -2.678   -0.543    3.371    3.371    6.635    7.127   15.229   15.229   17.456   17.926
   18.143   18.143
           -0.879310  0.000000  0.000000
   -2.557   -0.687    3.353    3.353    6.640    7.069   15.390   15.390   17.600   17.979
   17.979   18.087
           -0.896552  0.000000  0.000000
   -2.434   -0.830    3.338    3.338    6.648    7.015   15.548   15.548   17.746   17.817
   17.817   18.246
           -0.913793  0.000000  0.000000
   -2.310   -0.972    3.325    3.325    6.659    6.964   15.703   15.703   17.658   17.658
   17.895   18.400
           -0.931034  0.000000  0.000000
   -2.183   -1.112    3.314    3.314    6.674    6.918   15.853   15.853   17.505   17.505
   18.047   18.551
           -0.948276  0.000000  0.000000
   -2.055   -1.251    3.306    3.306    6.692    6.875   15.992   15.992   17.363   17.363
   18.201   18.698
           -0.965517  0.000000  0.000000
   -1.925   -1.389    3.300    3.300    6.714    6.835   16.113   16.113   17.240   17.240
   18.359   18.839
           -0.982759  0.000000  0.000000
   -1.793   -1.525    3.297    3.297    6.739    6.800   16.200   16.200   17.151   17.151
   18.519   18.846
           -1.000000  0.000000  0.000000
   -1.660   -1.660    3.296    3.296    6.767    6.767   16.233   16.233   17.117   17.117
   18.681   18.681
           -1.000000  0.010000  0.010000
   -1.660   -1.659    3.289    3.296    6.768    6.777   16.223   16.228   17.103   17.106
   18.692   18.692
           -1.000000  0.020000  0.020000
   -1.661   -1.656    3.270    3.298    6.771    6.804   16.194   16.212   17.060   17.072
   18.723   18.725
           -1.000000  0.030000  0.030000
   -1.663   -1.652    3.240    3.302    6.775    6.849   16.146   16.185   16.993   17.020
   18.774   18.777
           -1.000000  0.040000  0.040000
   -1.666   -1.645    3.198    3.307    6.780    6.910   16.083   16.149   16.906   16.951
   18.841   18.844
           -1.000000  0.050000  0.050000
   -1.669   -1.636    3.148    3.313    6.788    6.987   16.006   16.104   16.803   16.869
   18.924   18.924
           -1.000000  0.060000  0.060000
   -1.673   -1.626    3.088    3.321    6.797    7.078   15.917   16.050   16.689   16.778
   19.013   19.019
           -1.000000  0.070000  0.070000
   -1.678   -1.614    3.023    3.330    6.808    7.182   15.819   15.990   16.567   16.679
   19.109   19.125
           -1.000000  0.080000  0.080000
   -1.684   -1.599    2.951    3.341    6.820    7.297   15.714   15.922   16.438   16.575
   19.211   19.238
           -1.000000  0.090000  0.090000
   -1.691   -1.583    2.876    3.353    6.834    7.423   15.603   15.849   16.305   16.466
   19.316   19.359
           -1.000000  0.100000  0.100000
   -1.699   -1.565    2.798    3.366    6.849    7.557   15.487   15.771   16.169   16.355
   19.423   19.486
           -1.000000  0.110000  0.110000
   -1.709   -1.546    2.718    3.381    6.866    7.700   15.368   15.689   16.031   16.241
   19.533   19.623
           -1.000000  0.120000  0.120000
   -1.720   -1.524    2.637    3.397    6.885    7.850   15.246   15.603   15.892   16.126
   19.643   19.704
           -1.000000  0.130000  0.130000
   -1.733   -1.500    2.556    3.414    6.905    8.006   15.122   15.514   15.752   16.009
   19.755   19.787
           -1.000000  0.140000  0.140000
   -1.748   -1.475    2.476    3.433    6.927    8.169   14.996   15.423   15.612   15.892
   19.866   19.872
           -1.000000  0.150000  0.150000
   -1.764   -1.447    2.398    3.453    6.951    8.336   14.870   15.329   15.471   15.775
   19.958   19.977
           -1.000000  0.160000  0.160000
   -1.783   -1.418    2.322    3.475    6.976    8.509   14.742   15.233   15.332   15.658
   20.046   20.088
           -1.000000  0.170000  0.170000
   -1.804   -1.387    2.248    3.498    7.002    8.686   14.614   15.137   15.192   15.541
   20.134   20.199
           -1.000000  0.180000  0.180000
   -1.827   -1.354    2.178    3.522    7.030    8.866   14.486   15.038   15.054   15.424
   20.223   20.309
           -1.000000  0.190000  0.190000
   -1.853   -1.319    2.112    3.547    7.060    9.051   14.359   14.917   14.940   15.308
   20.310   20.417
           -1.000000  0.200000  0.200000
   -1.882   -1.282    2.049    3.574    7.091    9.239   14.231   14.781   14.840   15.193
   20.397   20.525
           -1.000000  0.210000  0.210000
   -1.913   -1.243    1.991    3.602    7.124    9.430   14.104   14.646   14.740   15.079
   20.482   20.632
           -1.000000  0.220000  0.220000
   -1.947   -1.203    1.937    3.631    7.158    9.623   13.977   14.513   14.640   14.966
   20.564   20.738
           -1.000000  0.230000  0.230000
   -1.984   -1.160    1.889    3.662    7.193    9.820   13.851   14.381   14.540   14.854
   20.642   20.843
           -1.000000  0.240000  0.240000
   -2.024   -1.116    1.845    3.693    7.230   10.018   13.726   14.251   14.440   14.743
   20.712   20.947
           -1.000000  0.250000  0.250000
   -2.068   -1.070    1.807    3.726    7.268   10.219   13.602   14.123   14.340   14.633
   20.772   21.050
           -0.750000  0.000000  0.750000
   -2.068   -1.070    1.807    3.726    7.268   10.219   13.602   14.123   14.340   14.633
   20.772   21.050
           -0.740000  0.000000  0.740000
   -2.114   -1.022    1.774    3.760    7.308   10.421   13.479   13.997   14.240   14.526
   20.816   21.151
           -0.730000  0.000000  0.730000
   -2.163   -0.972    1.746    3.795    7.349   10.624   13.357   13.873   14.141   14.419
   20.836   21.252
           -0.720000  0.000000  0.720000
   -2.215   -0.920    1.724    3.831    7.391   10.829   13.236   13.752   14.043   14.314
   20.825   21.351
           -0.710000  0.000000  0.710000
   -2.270   -0.867    1.707    3.869    7.435   11.033   13.116   13.635   13.946   14.211
   20.783   21.451
           -0.700000  0.000000  0.700000
   -2.328   -0.811    1.696    3.907    7.480   11.237   12.997   13.521   13.849   14.110
   20.715   21.333
           -0.690000  0.000000  0.690000
   -2.388   -0.754    1.690    3.947    7.526   11.439   12.880   13.413   13.753   14.010
   20.629   21.215
           -0.680000  0.000000  0.680000
   -2.450   -0.695    1.689    3.987    7.573   11.637   12.764   13.312   13.659   13.913
   20.532   21.097
           -0.670000  0.000000  0.670000
   -2.515   -0.634    1.693    4.028    7.621   11.827   12.649   13.222   13.565   13.817
   20.429   20.981
           -0.660000  0.000000  0.660000
   -2.581   -0.572    1.701    4.071    7.671   12.002   12.535   13.150   13.473   13.723
   20.321   20.867
           -0.650000  0.000000  0.650000
   -2.650   -0.507    1.715    4.114    7.721   12.148   12.423   13.108   13.382   13.632
   20.213   20.754
           -0.640000  0.000000  0.640000
   -2.720   -0.441    1.732    4.158    7.772   12.247   12.312   13.117   13.292   13.543
   20.103   20.643
           -0.630000  0.000000  0.630000
   -2.791   -0.372    1.755    4.202    7.824   12.203   12.284   13.191   13.204   13.456
   19.993   20.534
           -0.620000  0.000000  0.620000
   -2.864   -0.302    1.781    4.248    7.878   12.095   12.266   13.117   13.321   13.371
   19.883   20.427
           -0.610000  0.000000  0.610000
   -2.937   -0.231    1.811    4.294    7.931   11.989   12.213   13.033   13.288   13.489
   19.775   20.323
           -0.600000  0.000000  0.600000
   -3.012   -0.157    1.846    4.341    7.986   11.884   12.140   12.949   13.208   13.679
   19.667   20.222
           -0.590000  0.000000  0.590000
   -3.087   -0.081    1.883    4.389    8.041   11.781   12.057   12.868   13.131   13.880
   19.560   20.124
           -0.580000  0.000000  0.580000
   -3.162   -0.004    1.925    4.437    8.096   11.679   11.968   12.789   13.056   14.087
   19.455   20.030
           -0.570000  0.000000  0.570000
   -3.238    0.075    1.969    4.485    8.152   11.579   11.877   12.712   12.983   14.298
   19.351   19.939
           -0.560000  0.000000  0.560000
   -3.314    0.155    2.017    4.534    8.208   11.481   11.784   12.636   12.913   14.510
   19.248   19.853
           -0.550000  0.000000  0.550000
   -3.390    0.238    2.068    4.584    8.264   11.384   11.691   12.564   12.846   14.722
   19.147   19.771
           -0.540000  0.000000  0.540000
   -3.467    0.322    2.122    4.633    8.320   11.288   11.598   12.493   12.782   14.933
   19.046   19.695
           -0.530000  0.000000  0.530000
   -3.542    0.408    2.179    4.683    8.377   11.195   11.506   12.425   12.721   15.141
   18.947   19.625
           -0.520000  0.000000  0.520000
   -3.618    0.496    2.239    4.734    8.432   11.103   11.414   12.360   12.663   15.344
   18.849   19.563
           -0.510000  0.000000  0.510000
   -3.693    0.586    2.301    4.784    8.488   11.012   11.324   12.297   12.608   15.542
   18.750   19.509
           -0.500000  0.000000  0.500000
   -3.768    0.677    2.365    4.834    8.542   10.923   11.234   12.237   12.556   15.732
   18.651   19.325
           -0.490000  0.000000  0.490000
   -3.842    0.770    2.432    4.884    8.596   10.836   11.146   12.181   12.507   15.912
   18.550   19.098
           -0.480000  0.000000  0.480000
   -3.915    0.865    2.501    4.934    8.649   10.751   11.059   12.127   12.461   16.080
   18.441   18.881
           -0.470000  0.000000  0.470000
   -3.987    0.961    2.573    4.984    8.700   10.667   10.974   12.077   12.419   16.234
   18.317   18.683
           -0.460000  0.000000  0.460000
   -4.059    1.059    2.646    5.034    8.750   10.584   10.890   12.030   12.380   16.370
   18.166   18.515
           -0.450000  0.000000  0.450000
   -4.130    1.159    2.722    5.083    8.798   10.504   10.807   11.987   12.344   16.487
   17.985   18.381
           -0.440000  0.000000  0.440000
   -4.199    1.260    2.799    5.132    8.845   10.425   10.726   11.947   12.313   16.582
   17.782   18.273
           -0.430000  0.000000  0.430000
   -4.268    1.363    2.878    5.180    8.889   10.348   10.647   11.911   12.284   16.655
   17.568   18.180
           -0.420000  0.000000  0.420000
   -4.336    1.468    2.959    5.228    8.930   10.273   10.569   11.879   12.260   16.706
   17.350   18.096
           -0.410000  0.000000  0.410000
   -4.402    1.574    3.042    5.275    8.969   10.199   10.492   11.851   12.239   16.736
   17.131   18.018
           -0.400000  0.000000  0.400000
   -4.467    1.682    3.126    5.321    9.005   10.127   10.417   11.827   12.222   16.747
   16.912   17.944
           -0.390000  0.000000  0.390000
   -4.531    1.792    3.212    5.367    9.039   10.057   10.344   11.807   12.209   16.694
   16.740   17.874
           -0.380000  0.000000  0.380000
   -4.594    1.903    3.299    5.411    9.068    9.988   10.272   11.790   12.200   16.479
   16.718   17.807
           -0.370000  0.000000  0.370000
   -4.655    2.015    3.387    5.455    9.095    9.922   10.202   11.777   12.195   16.266
   16.684   17.743
           -0.360000  0.000000  0.360000
   -4.716    2.129    3.477    5.497    9.118    9.857   10.133   11.767   12.194   16.056
   16.639   17.682
           -0.350000  0.000000  0.350000
   -4.774    2.245    3.568    5.539    9.138    9.793   10.065   11.760   12.198   15.850
   16.584   17.624
           -0.340000  0.000000  0.340000
   -4.832    2.362    3.659    5.579    9.155    9.732   10.000   11.756   12.205   15.649
   16.521   17.569
           -0.330000  0.000000  0.330000
   -4.887    2.480    3.752    5.618    9.168    9.672    9.935   11.753   12.216   15.452
   16.451   17.517
           -0.320000  0.000000  0.320000
   -4.942    2.600    3.846    5.655    9.178    9.614    9.873   11.750   12.232   15.261
   16.375   17.468
           -0.310000  0.000000  0.310000
   -4.995    2.721    3.940    5.691    9.184    9.558    9.811   11.748   12.251   15.076
   16.294   17.421
           -0.300000  0.000000  0.300000
   -5.046    2.844    4.035    5.726    9.188    9.503    9.751   11.744   12.275   14.898
   16.208   17.378
           -0.290000  0.000000  0.290000
   -5.096    2.968    4.131    5.760    9.190    9.451    9.693   11.738   12.303   14.729
   16.117   17.337
           -0.280000  0.000000  0.280000
   -5.145    3.093    4.226    5.792    9.188    9.400    9.636   11.728   12.334   14.569
   16.023   17.300
           -0.270000  0.000000  0.270000
   -5.191    3.219    4.323    5.822    9.185    9.350    9.581   11.711   12.370   14.420
   15.926   17.265
           -0.260000  0.000000  0.260000
   -5.237    3.347    4.419    5.851    9.179    9.303    9.527   11.688   12.410   14.283
   15.826   17.234
           -0.250000  0.000000  0.250000
   -5.280    3.475    4.515    5.879    9.172    9.257    9.474   11.655   12.454   14.160
   15.724   17.206
           -0.240000  0.000000  0.240000
   -5.322    3.604    4.611    5.905    9.163    9.213    9.423   11.612   12.501   14.051
   15.620   17.181
           -0.230000  0.000000  0.230000
   -5.363    3.734    4.707    5.930    9.152    9.171    9.373   11.557   12.552   13.958
   15.515   17.159
           -0.220000  0.000000  0.220000
   -5.401    3.865    4.802    5.953    9.131    9.141    9.325   11.489   12.606   13.880
   15.408   17.141
           -0.210000  0.000000  0.210000
   -5.439    3.997    4.896    5.975    9.092    9.128    9.278   11.410   12.664   13.819
   15.302   17.126
           -0.200000  0.000000  0.200000
   -5.474    4.129    4.990    5.995    9.055    9.114    9.233   11.318   12.725   13.772
   15.195   17.114
           -0.190000  0.000000  0.190000
   -5.508    4.262    5.082    6.014    9.020    9.100    9.188   11.217   12.788   13.738
   15.090   17.106
           -0.180000  0.000000  0.180000
   -5.540    4.395    5.173    6.032    8.987    9.085    9.145   11.106   12.854   13.717
   14.986   17.101
           -0.170000  0.000000  0.170000
   -5.570    4.527    5.262    6.049    8.956    9.069    9.104   10.988   12.923   13.705
   14.883   17.099
           -0.160000  0.000000  0.160000
   -5.599    4.660    5.349    6.064    8.926    9.053    9.064   10.864   12.993   13.702
   14.783   17.100
           -0.150000  0.000000  0.150000
   -5.626    4.791    5.434    6.078    8.898    9.025    9.036   10.737   13.066   13.705
   14.686   17.104
           -0.140000  0.000000  0.140000
   -5.651    4.922    5.516    6.091    8.872    8.988    9.018   10.608   13.139   13.713
   14.592   17.111
           -0.130000  0.000000  0.130000
   -5.675    5.052    5.596    6.103    8.848    8.953    8.999   10.478   13.213   13.725
   14.502   17.121
           -0.120000  0.000000  0.120000
   -5.697    5.179    5.672    6.113    8.826    8.919    8.979   10.350   13.287   13.740
   14.416   17.133
           -0.110000  0.000000  0.110000
   -5.717    5.304    5.744    6.123    8.805    8.887    8.958   10.225   13.361   13.756
   14.336   17.146
           -0.100000  0.000000  0.100000
   -5.735    5.426    5.812    6.132    8.786    8.857    8.935   10.105   13.433   13.772
   14.260   17.161
           -0.090000  0.000000  0.090000
   -5.752    5.544    5.876    6.139    8.769    8.828    8.911    9.992   13.504   13.789
   14.191   17.177
           -0.080000  0.000000  0.080000
   -5.767    5.656    5.934    6.146    8.754    8.802    8.885    9.887   13.572   13.806
   14.127   17.194
           -0.070000  0.000000  0.070000
   -5.780    5.762    5.987    6.152    8.740    8.779    8.856    9.792   13.635   13.821
   14.070   17.211
           -0.060000  0.000000  0.060000
   -5.791    5.860    6.034    6.157    8.728    8.758    8.826    9.708   13.694   13.835
   14.020   17.227
           -0.050000  0.000000  0.050000
   -5.801    5.948    6.075    6.161    8.719    8.739    8.795    9.637   13.746   13.847
   13.977   17.241
           -0.040000  0.000000  0.040000
   -5.809    6.024    6.109    6.165    8.710    8.724    8.765    9.580   13.791   13.858
   13.941   17.255
           -0.030000  0.000000  0.030000
   -5.815    6.086    6.136    6.168    8.704    8.712    8.737    9.536   13.828   13.866
   13.913   17.265
           -0.020000  0.000000  0.020000
   -5.820    6.133    6.155    6.169    8.700    8.703    8.715    9.505   13.854   13.872
   13.893   17.273
           -0.010000  0.000000  0.010000
   -5.822    6.161    6.167    6.171    8.697    8.698    8.701    9.487   13.871   13.875
   13.881   17.278
            0.000000  0.000000  0.000000
   -5.823    6.171    6.171    6.171    8.696    8.696    8.696    9.481   13.877   13.877
   13.877   17.280
