#  E (eV)   dos(E)     Int dos(E) EFermi =    6.171 eV
  -6.828  0.1874E-83  0.1874E-85
  -6.818  0.1874E-83  0.3748E-85
  -6.808  0.1874E-83  0.5622E-85
  -6.798  0.1874E-83  0.7495E-85
  -6.788  0.1874E-83  0.9369E-85
  -6.778  0.1874E-83  0.1124E-84
  -6.768  0.1874E-83  0.1312E-84
  -6.758  0.1874E-83  0.1499E-84
  -6.748  0.1874E-83  0.1686E-84
  -6.738  0.1874E-83  0.1874E-84
  -6.728  0.1874E-83  0.2061E-84
  -6.718  0.1874E-83  0.2249E-84
  -6.708  0.1874E-83  0.2436E-84
  -6.698  0.1874E-83  0.2623E-84
  -6.688  0.1874E-83  0.2811E-84
  -6.678  0.1874E-83  0.2998E-84
  -6.668  0.1874E-83  0.3186E-84
  -6.658  0.1874E-83  0.3373E-84
  -6.648  0.1874E-83  0.3560E-84
  -6.638  0.1874E-83  0.3748E-84
  -6.628  0.1874E-83  0.3935E-84
  -6.618  0.1874E-83  0.4123E-84
  -6.608  0.1874E-83  0.4310E-84
  -6.598  0.1874E-83  0.4497E-84
  -6.588  0.1874E-83  0.4685E-84
  -6.578  0.1874E-83  0.4872E-84
  -6.568  0.1874E-83  0.5059E-84
  -6.558  0.1874E-83  0.5247E-84
  -6.548  0.1874E-83  0.5434E-84
  -6.538  0.1874E-83  0.5622E-84
  -6.528  0.1874E-83  0.5809E-84
  -6.518  0.1874E-83  0.5996E-84
  -6.508  0.1874E-83  0.6184E-84
  -6.498  0.1874E-83  0.6371E-84
  -6.488  0.1874E-83  0.6559E-84
  -6.478  0.1874E-83  0.6746E-84
  -6.468  0.1874E-83  0.6933E-84
  -6.458  0.1874E-83  0.7121E-84
  -6.448  0.1874E-83  0.7308E-84
  -6.438  0.1874E-83  0.7495E-84
  -6.428  0.1874E-83  0.7683E-84
  -6.418  0.1874E-83  0.7870E-84
  -6.408  0.1874E-83  0.8058E-84
  -6.398  0.1874E-83  0.8245E-84
  -6.388  0.1874E-83  0.8432E-84
  -6.378  0.1874E-83  0.8620E-84
  -6.368  0.1874E-83  0.8807E-84
  -6.358  0.1874E-83  0.8995E-84
  -6.348  0.1874E-83  0.9182E-84
  -6.338  0.1874E-83  0.9369E-84
  -6.328  0.1874E-83  0.9557E-84
  -6.318  0.1874E-83  0.9744E-84
  -6.308  0.1874E-83  0.9932E-84
  -6.298  0.1874E-83  0.1012E-83
  -6.288  0.1874E-83  0.1031E-83
  -6.278  0.1874E-83  0.1049E-83
  -6.268  0.1874E-83  0.1068E-83
  -6.258  0.1874E-83  0.1087E-83
  -6.248  0.1874E-83  0.1106E-83
  -6.238  0.1874E-83  0.1124E-83
  -6.228  0.1874E-83  0.1143E-83
  -6.218  0.1874E-83  0.1162E-83
  -6.208  0.1874E-83  0.1181E-83
  -6.198  0.1874E-83  0.1199E-83
  -6.188  0.1874E-83  0.1218E-83
  -6.178  0.1874E-83  0.1237E-83
  -6.168  0.1874E-83  0.1255E-83
  -6.158  0.1874E-83  0.1274E-83
  -6.148  0.1874E-83  0.1293E-83
  -6.138  0.1874E-83  0.1312E-83
  -6.128  0.1874E-83  0.1330E-83
  -6.118  0.1874E-83  0.1349E-83
  -6.108  0.1874E-83  0.1368E-83
  -6.098  0.1874E-83  0.1387E-83
  -6.088  0.1874E-83  0.1405E-83
  -6.078  0.1874E-83  0.1424E-83
  -6.068  0.1874E-83  0.1443E-83
  -6.058  0.1874E-83  0.1462E-83
  -6.048  0.1874E-83  0.1480E-83
  -6.038  0.1874E-83  0.1499E-83
  -6.028  0.1874E-83  0.1518E-83
  -6.018  0.1874E-83  0.1537E-83
  -6.008  0.1874E-83  0.1555E-83
  -5.998  0.1874E-83  0.1574E-83
  -5.988  0.1874E-83  0.1593E-83
  -5.978  0.1874E-83  0.1612E-83
  -5.968  0.1874E-83  0.1630E-83
  -5.958  0.1171E-78  0.1173E-80
  -5.948  0.2277E-67  0.2277E-69
  -5.938  0.6010E-57  0.6010E-59
  -5.928  0.2156E-47  0.2156E-49
  -5.918  0.1052E-38  0.1052E-40
  -5.908  0.6991E-31  0.6991E-33
  -5.898  0.6331E-24  0.6331E-26
  -5.888  0.7827E-18  0.7827E-20
  -5.878  0.1324E-12  0.1324E-14
  -5.868  0.3078E-08  0.3078E-10
  -5.858  0.9890E-05  0.9893E-07
  -5.848  0.4448E-02  0.4458E-04
  -5.838  0.2876E+00  0.2921E-02
  -5.828  0.2864E+01  0.3156E-01
  -5.818  0.5468E+01  0.8623E-01
  -5.808  0.3976E+01  0.1260E+00
  -5.798  0.2848E+01  0.1545E+00
  -5.788  0.2355E+01  0.1780E+00
  -5.778  0.2087E+01  0.1989E+00
  -5.768  0.1840E+01  0.2173E+00
  -5.758  0.1757E+01  0.2349E+00
  -5.748  0.1533E+01  0.2502E+00
  -5.738  0.1589E+01  0.2661E+00
  -5.728  0.1285E+01  0.2789E+00
  -5.718  0.1524E+01  0.2942E+00
  -5.708  0.1097E+01  0.3051E+00
  -5.698  0.1385E+01  0.3190E+00
  -5.688  0.1130E+01  0.3303E+00
  -5.678  0.1119E+01  0.3415E+00
  -5.668  0.1149E+01  0.3530E+00
  -5.658  0.1130E+01  0.3643E+00
  -5.648  0.8939E+00  0.3732E+00
  -5.638  0.1115E+01  0.3844E+00
  -5.628  0.1106E+01  0.3954E+00
  -5.618  0.7205E+00  0.4026E+00
  -5.608  0.1023E+01  0.4129E+00
  -5.598  0.1133E+01  0.4242E+00
  -5.588  0.7198E+00  0.4314E+00
  -5.578  0.6631E+00  0.4380E+00
  -5.568  0.1346E+01  0.4515E+00
  -5.558  0.6999E+00  0.4585E+00
  -5.548  0.4736E+00  0.4632E+00
  -5.538  0.1204E+01  0.4753E+00
  -5.528  0.8382E+00  0.4836E+00
  -5.518  0.5337E+00  0.4890E+00
  -5.508  0.9916E+00  0.4989E+00
  -5.498  0.5906E+00  0.5048E+00
  -5.488  0.8279E+00  0.5131E+00
  -5.478  0.1011E+01  0.5232E+00
  -5.468  0.4792E+00  0.5280E+00
  -5.458  0.4512E+00  0.5325E+00
  -5.448  0.1150E+01  0.5440E+00
  -5.438  0.8395E+00  0.5524E+00
  -5.428  0.3866E+00  0.5563E+00
  -5.418  0.5553E+00  0.5618E+00
  -5.408  0.7907E+00  0.5697E+00
  -5.398  0.9979E+00  0.5797E+00
  -5.388  0.6357E+00  0.5860E+00
  -5.378  0.3018E+00  0.5891E+00
  -5.368  0.4888E+00  0.5940E+00
  -5.358  0.1148E+01  0.6054E+00
  -5.348  0.8206E+00  0.6136E+00
  -5.338  0.1553E+00  0.6152E+00
  -5.328  0.5196E+00  0.6204E+00
  -5.318  0.9447E+00  0.6298E+00
  -5.308  0.6395E+00  0.6362E+00
  -5.298  0.4463E+00  0.6407E+00
  -5.288  0.6391E+00  0.6471E+00
  -5.278  0.8986E+00  0.6561E+00
  -5.268  0.2090E+00  0.6582E+00
  -5.258  0.3401E+00  0.6616E+00
  -5.248  0.1027E+01  0.6718E+00
  -5.238  0.9281E+00  0.6811E+00
  -5.228  0.2745E+00  0.6839E+00
  -5.218  0.1286E+00  0.6851E+00
  -5.208  0.5753E+00  0.6909E+00
  -5.198  0.1013E+01  0.7010E+00
  -5.188  0.7810E+00  0.7088E+00
  -5.178  0.2377E+00  0.7112E+00
  -5.168  0.4791E+00  0.7160E+00
  -5.158  0.3311E+00  0.7193E+00
  -5.148  0.5845E+00  0.7252E+00
  -5.138  0.9002E+00  0.7342E+00
  -5.128  0.7327E+00  0.7415E+00
  -5.118  0.2919E+00  0.7444E+00
  -5.108  0.1452E+00  0.7459E+00
  -5.098  0.5454E+00  0.7513E+00
  -5.088  0.7778E+00  0.7591E+00
  -5.078  0.8283E+00  0.7674E+00
  -5.068  0.3029E+00  0.7704E+00
  -5.058  0.1734E+00  0.7721E+00
  -5.048  0.7819E+00  0.7800E+00
  -5.038  0.6873E+00  0.7868E+00
  -5.028  0.1538E+00  0.7884E+00
  -5.018  0.3902E+00  0.7923E+00
  -5.008  0.6269E+00  0.7985E+00
  -4.998  0.9814E+00  0.8084E+00
  -4.988  0.5092E+00  0.8134E+00
  -4.978  0.4072E-01  0.8139E+00
  -4.968  0.5285E-01  0.8144E+00
  -4.958  0.5604E+00  0.8200E+00
  -4.948  0.1222E+01  0.8322E+00
  -4.938  0.6771E+00  0.8390E+00
  -4.928  0.8788E-01  0.8399E+00
  -4.918  0.1381E+00  0.8412E+00
  -4.908  0.4878E+00  0.8461E+00
  -4.898  0.4069E+00  0.8502E+00
  -4.888  0.7413E+00  0.8576E+00
  -4.878  0.6943E+00  0.8645E+00
  -4.868  0.3939E+00  0.8685E+00
  -4.858  0.4761E+00  0.8732E+00
  -4.848  0.1512E+00  0.8748E+00
  -4.838  0.3290E+00  0.8780E+00
  -4.828  0.4836E+00  0.8829E+00
  -4.818  0.6502E+00  0.8894E+00
  -4.808  0.8928E+00  0.8983E+00
  -4.798  0.2069E+00  0.9004E+00
  -4.788  0.8254E-01  0.9012E+00
  -4.778  0.4870E+00  0.9061E+00
  -4.768  0.7323E+00  0.9134E+00
  -4.758  0.3954E+00  0.9174E+00
  -4.748  0.1691E+00  0.9190E+00
  -4.738  0.4810E+00  0.9239E+00
  -4.728  0.4190E+00  0.9280E+00
  -4.718  0.8989E+00  0.9370E+00
  -4.708  0.6099E+00  0.9431E+00
  -4.698  0.5813E-01  0.9437E+00
  -4.688  0.2622E-02  0.9437E+00
  -4.678  0.9887E-01  0.9447E+00
  -4.668  0.8198E+00  0.9529E+00
  -4.658  0.1244E+01  0.9654E+00
  -4.648  0.4059E+00  0.9694E+00
  -4.638  0.2702E-01  0.9697E+00
  -4.628  0.5088E-01  0.9702E+00
  -4.618  0.3798E+00  0.9740E+00
  -4.608  0.4529E+00  0.9785E+00
  -4.598  0.5287E+00  0.9838E+00
  -4.588  0.7401E+00  0.9912E+00
  -4.578  0.4286E+00  0.9955E+00
  -4.568  0.3551E+00  0.9991E+00
  -4.558  0.4403E+00  0.1003E+01
  -4.548  0.1139E+00  0.1005E+01
  -4.538  0.3127E+00  0.1008E+01
  -4.528  0.4532E+00  0.1012E+01
  -4.518  0.3585E+00  0.1016E+01
  -4.508  0.8840E+00  0.1025E+01
  -4.498  0.5096E+00  0.1030E+01
  -4.488  0.5732E-01  0.1030E+01
  -4.478  0.1584E+00  0.1032E+01
  -4.468  0.6037E+00  0.1038E+01
  -4.458  0.6786E+00  0.1045E+01
  -4.448  0.2667E+00  0.1047E+01
  -4.438  0.4651E-01  0.1048E+01
  -4.428  0.3039E+00  0.1051E+01
  -4.418  0.5296E+00  0.1056E+01
  -4.408  0.7989E+00  0.1064E+01
  -4.398  0.8094E+00  0.1072E+01
  -4.388  0.1248E+00  0.1074E+01
  -4.378  0.2732E-02  0.1074E+01
  -4.368  0.1320E-01  0.1074E+01
  -4.358  0.2245E+00  0.1076E+01
  -4.348  0.7124E+00  0.1083E+01
  -4.338  0.1081E+01  0.1094E+01
  -4.328  0.5264E+00  0.1099E+01
  -4.318  0.4189E-01  0.1100E+01
  -4.308  0.8948E-01  0.1100E+01
  -4.298  0.4453E+00  0.1105E+01
  -4.288  0.3100E+00  0.1108E+01
  -4.278  0.2061E+00  0.1110E+01
  -4.268  0.5036E+00  0.1115E+01
  -4.258  0.4328E+00  0.1119E+01
  -4.248  0.7783E+00  0.1127E+01
  -4.238  0.5912E+00  0.1133E+01
  -4.228  0.1019E+00  0.1134E+01
  -4.218  0.1755E-01  0.1134E+01
  -4.208  0.2333E+00  0.1137E+01
  -4.198  0.6096E+00  0.1143E+01
  -4.188  0.6140E+00  0.1149E+01
  -4.178  0.2619E+00  0.1152E+01
  -4.168  0.2676E+00  0.1154E+01
  -4.158  0.4730E+00  0.1159E+01
  -4.148  0.1775E+00  0.1161E+01
  -4.138  0.5962E+00  0.1167E+01
  -4.128  0.8834E+00  0.1176E+01
  -4.118  0.1917E+00  0.1177E+01
  -4.108  0.6081E-02  0.1177E+01
  -4.098  0.1031E-01  0.1178E+01
  -4.088  0.2015E+00  0.1180E+01
  -4.078  0.6860E+00  0.1186E+01
  -4.068  0.8684E+00  0.1195E+01
  -4.058  0.6666E+00  0.1202E+01
  -4.048  0.1606E+00  0.1203E+01
  -4.038  0.9213E-01  0.1204E+01
  -4.028  0.4413E+00  0.1209E+01
  -4.018  0.3072E+00  0.1212E+01
  -4.008  0.3552E-01  0.1212E+01
  -3.998  0.1564E+00  0.1214E+01
  -3.988  0.5951E+00  0.1220E+01
  -3.978  0.9676E+00  0.1229E+01
  -3.968  0.7638E+00  0.1237E+01
  -3.958  0.1060E+00  0.1238E+01
  -3.948  0.2301E-02  0.1238E+01
  -3.938  0.2047E-01  0.1238E+01
  -3.928  0.3372E+00  0.1242E+01
  -3.918  0.9120E+00  0.1251E+01
  -3.908  0.4281E+00  0.1255E+01
  -3.898  0.4235E-01  0.1255E+01
  -3.888  0.1923E+00  0.1257E+01
  -3.878  0.7029E+00  0.1264E+01
  -3.868  0.6651E+00  0.1271E+01
  -3.858  0.1894E+00  0.1273E+01
  -3.848  0.3276E+00  0.1276E+01
  -3.838  0.4466E+00  0.1281E+01
  -3.828  0.3106E+00  0.1284E+01
  -3.818  0.4812E+00  0.1289E+01
  -3.808  0.1341E+00  0.1290E+01
  -3.798  0.2173E-01  0.1290E+01
  -3.788  0.2788E+00  0.1293E+01
  -3.778  0.9632E+00  0.1303E+01
  -3.768  0.1048E+01  0.1313E+01
  -3.758  0.2783E+00  0.1316E+01
  -3.748  0.1598E-01  0.1316E+01
  -3.738  0.1087E+00  0.1317E+01
  -3.728  0.4642E+00  0.1322E+01
  -3.718  0.2693E+00  0.1324E+01
  -3.708  0.7336E-01  0.1325E+01
  -3.698  0.4362E+00  0.1330E+01
  -3.688  0.9498E+00  0.1339E+01
  -3.678  0.9390E+00  0.1348E+01
  -3.668  0.2122E+00  0.1351E+01
  -3.658  0.4372E-01  0.1351E+01
  -3.648  0.3356E+00  0.1354E+01
  -3.638  0.4291E+00  0.1359E+01
  -3.628  0.2499E+00  0.1361E+01
  -3.618  0.5720E+00  0.1367E+01
  -3.608  0.6192E+00  0.1373E+01
  -3.598  0.3280E+00  0.1376E+01
  -3.588  0.1768E+00  0.1378E+01
  -3.578  0.7757E+00  0.1386E+01
  -3.568  0.6987E+00  0.1393E+01
  -3.558  0.1839E+00  0.1395E+01
  -3.548  0.6916E+00  0.1402E+01
  -3.538  0.8319E+00  0.1410E+01
  -3.528  0.2826E+00  0.1413E+01
  -3.518  0.4943E+00  0.1418E+01
  -3.508  0.3732E+00  0.1421E+01
  -3.498  0.5540E+00  0.1427E+01
  -3.488  0.7235E+00  0.1434E+01
  -3.478  0.1567E+01  0.1450E+01
  -3.468  0.1737E+01  0.1467E+01
  -3.458  0.4395E+00  0.1472E+01
  -3.448  0.2055E-01  0.1472E+01
  -3.438  0.1576E-03  0.1472E+01
  -3.428  0.5606E-06  0.1472E+01
  -3.418  0.2535E-03  0.1472E+01
  -3.408  0.2283E-01  0.1472E+01
  -3.398  0.2782E+00  0.1475E+01
  -3.388  0.4605E+00  0.1479E+01
  -3.378  0.1712E+00  0.1481E+01
  -3.368  0.4193E+00  0.1485E+01
  -3.358  0.3409E+00  0.1489E+01
  -3.348  0.3779E-01  0.1489E+01
  -3.338  0.2395E-02  0.1489E+01
  -3.328  0.7604E-01  0.1490E+01
  -3.318  0.4279E+00  0.1494E+01
  -3.308  0.3259E+00  0.1497E+01
  -3.298  0.3359E-01  0.1498E+01
  -3.288  0.4766E-03  0.1498E+01
  -3.278  0.2251E-02  0.1498E+01
  -3.268  0.8571E-01  0.1499E+01
  -3.258  0.4510E+00  0.1503E+01
  -3.248  0.4970E+00  0.1508E+01
  -3.238  0.5171E+00  0.1513E+01
  -3.228  0.1705E+00  0.1515E+01
  -3.218  0.8022E-02  0.1515E+01
  -3.208  0.5120E-04  0.1515E+01
  -3.198  0.1537E-05  0.1515E+01
  -3.188  0.6838E-03  0.1515E+01
  -3.178  0.4239E-01  0.1516E+01
  -3.168  0.3568E+00  0.1519E+01
  -3.158  0.4642E+00  0.1524E+01
  -3.148  0.4626E+00  0.1528E+01
  -3.138  0.3604E+00  0.1532E+01
  -3.128  0.4359E-01  0.1532E+01
  -3.118  0.7445E-03  0.1532E+01
  -3.108  0.5443E-02  0.1533E+01
  -3.098  0.1391E+00  0.1534E+01
  -3.088  0.4814E+00  0.1539E+01
  -3.078  0.2255E+00  0.1541E+01
  -3.068  0.1429E-01  0.1541E+01
  -3.058  0.3439E-03  0.1541E+01
  -3.048  0.2094E-01  0.1541E+01
  -3.038  0.2685E+00  0.1544E+01
  -3.028  0.4987E+00  0.1549E+01
  -3.018  0.4378E+00  0.1553E+01
  -3.008  0.4290E+00  0.1558E+01
  -2.998  0.7453E-01  0.1558E+01
  -2.988  0.1766E-02  0.1558E+01
  -2.978  0.5694E-05  0.1558E+01
  -2.968  0.3916E-04  0.1558E+01
  -2.958  0.6699E-02  0.1559E+01
  -2.948  0.1551E+00  0.1560E+01
  -2.938  0.4884E+00  0.1565E+01
  -2.928  0.2953E+00  0.1568E+01
  -2.918  0.4571E+00  0.1572E+01
  -2.908  0.3011E+00  0.1575E+01
  -2.898  0.2754E-01  0.1576E+01
  -2.888  0.1672E-02  0.1576E+01
  -2.878  0.6319E-01  0.1576E+01
  -2.868  0.4060E+00  0.1580E+01
  -2.858  0.3530E+00  0.1584E+01
  -2.848  0.4154E-01  0.1584E+01
  -2.838  0.6616E-03  0.1584E+01
  -2.828  0.5220E-04  0.1584E+01
  -2.818  0.8269E-02  0.1584E+01
  -2.808  0.1972E+00  0.1586E+01
  -2.798  0.7925E+00  0.1594E+01
  -2.788  0.6339E+00  0.1601E+01
  -2.778  0.9735E-01  0.1602E+01
  -2.768  0.2398E-02  0.1602E+01
  -2.758  0.8675E-05  0.1602E+01
  -2.748  0.1674E-03  0.1602E+01
  -2.738  0.1750E-01  0.1602E+01
  -2.728  0.2475E+00  0.1604E+01
  -2.718  0.4737E+00  0.1609E+01
  -2.708  0.1228E+00  0.1610E+01
  -2.698  0.1520E-01  0.1610E+01
  -2.688  0.1981E+00  0.1612E+01
  -2.678  0.4874E+00  0.1617E+01
  -2.668  0.1799E+00  0.1619E+01
  -2.658  0.2559E+00  0.1622E+01
  -2.648  0.4733E+00  0.1626E+01
  -2.638  0.1219E+00  0.1628E+01
  -2.628  0.4252E-02  0.1628E+01
  -2.618  0.2081E-04  0.1628E+01
  -2.608  0.4134E-03  0.1628E+01
  -2.598  0.3107E-01  0.1628E+01
  -2.588  0.3161E+00  0.1631E+01
  -2.578  0.4421E+00  0.1636E+01
  -2.568  0.2402E+00  0.1638E+01
  -2.558  0.4888E+00  0.1643E+01
  -2.548  0.2016E+00  0.1645E+01
  -2.538  0.1356E-01  0.1645E+01
  -2.528  0.8593E-01  0.1646E+01
  -2.518  0.4413E+00  0.1650E+01
  -2.508  0.3070E+00  0.1653E+01
  -2.498  0.2891E-01  0.1654E+01
  -2.488  0.3687E-03  0.1654E+01
  -2.478  0.2170E-03  0.1654E+01
  -2.468  0.2064E-01  0.1654E+01
  -2.458  0.2682E+00  0.1657E+01
  -2.448  0.5432E+00  0.1662E+01
  -2.438  0.5409E+00  0.1667E+01
  -2.428  0.3254E+00  0.1671E+01
  -2.418  0.3261E-01  0.1671E+01
  -2.408  0.8642E-02  0.1671E+01
  -2.398  0.1720E+00  0.1673E+01
  -2.388  0.4882E+00  0.1678E+01
  -2.378  0.1876E+00  0.1680E+01
  -2.368  0.9756E-02  0.1680E+01
  -2.358  0.1191E-03  0.1680E+01
  -2.348  0.7946E-02  0.1680E+01
  -2.338  0.1694E+00  0.1681E+01
  -2.328  0.5051E+00  0.1686E+01
  -2.318  0.4353E+00  0.1691E+01
  -2.308  0.4848E+00  0.1696E+01
  -2.298  0.1248E+00  0.1697E+01
  -2.288  0.2458E-01  0.1697E+01
  -2.278  0.2636E+00  0.1700E+01
  -2.268  0.4665E+00  0.1704E+01
  -2.258  0.1117E+00  0.1706E+01
  -2.248  0.3632E-02  0.1706E+01
  -2.238  0.2779E-02  0.1706E+01
  -2.228  0.9617E-01  0.1707E+01
  -2.218  0.4529E+00  0.1711E+01
  -2.208  0.2897E+00  0.1714E+01
  -2.198  0.7863E-01  0.1715E+01
  -2.188  0.3871E+00  0.1719E+01
  -2.178  0.4288E+00  0.1723E+01
  -2.168  0.4354E+00  0.1727E+01
  -2.158  0.3756E+00  0.1731E+01
  -2.148  0.4923E-01  0.1732E+01
  -2.138  0.2370E-02  0.1732E+01
  -2.128  0.6764E-01  0.1732E+01
  -2.118  0.4142E+00  0.1736E+01
  -2.108  0.3433E+00  0.1740E+01
  -2.098  0.3861E-01  0.1740E+01
  -2.088  0.1643E-01  0.1740E+01
  -2.078  0.3402E+00  0.1744E+01
  -2.068  0.1063E+01  0.1754E+01
  -2.058  0.8241E+00  0.1763E+01
  -2.048  0.3273E+00  0.1766E+01
  -2.038  0.1069E+00  0.1767E+01
  -2.028  0.4315E+00  0.1771E+01
  -2.018  0.3215E+00  0.1775E+01
  -2.008  0.3420E-01  0.1775E+01
  -1.998  0.7448E-01  0.1776E+01
  -1.988  0.4248E+00  0.1780E+01
  -1.978  0.3300E+00  0.1783E+01
  -1.968  0.4080E-01  0.1784E+01
  -1.958  0.1485E+00  0.1785E+01
  -1.948  0.4866E+00  0.1790E+01
  -1.938  0.3027E+00  0.1793E+01
  -1.928  0.5053E+00  0.1798E+01
  -1.918  0.6790E+00  0.1805E+01
  -1.908  0.4148E+00  0.1809E+01
  -1.898  0.8653E-01  0.1810E+01
  -1.888  0.3221E+00  0.1813E+01
  -1.878  0.4325E+00  0.1817E+01
  -1.868  0.1299E+00  0.1819E+01
  -1.858  0.3821E+00  0.1823E+01
  -1.848  0.3870E+00  0.1826E+01
  -1.838  0.2021E+00  0.1828E+01
  -1.828  0.4873E+00  0.1833E+01
  -1.818  0.2787E+00  0.1836E+01
  -1.808  0.4804E+00  0.1841E+01
  -1.798  0.7879E+00  0.1849E+01
  -1.788  0.7910E+00  0.1857E+01
  -1.778  0.5054E+00  0.1862E+01
  -1.768  0.4880E+00  0.1867E+01
  -1.758  0.5014E+00  0.1872E+01
  -1.748  0.5769E+00  0.1877E+01
  -1.738  0.5971E+00  0.1883E+01
  -1.728  0.6698E+00  0.1890E+01
  -1.718  0.7506E+00  0.1898E+01
  -1.708  0.8537E+00  0.1906E+01
  -1.698  0.1003E+01  0.1916E+01
  -1.688  0.1241E+01  0.1929E+01
  -1.678  0.1779E+01  0.1946E+01
  -1.668  0.3421E+01  0.1981E+01
  -1.658  0.4069E+01  0.2021E+01
  -1.648  0.1891E+01  0.2040E+01
  -1.638  0.1011E+01  0.2050E+01
  -1.628  0.8039E+00  0.2058E+01
  -1.618  0.6965E+00  0.2065E+01
  -1.608  0.6111E+00  0.2071E+01
  -1.598  0.5781E+00  0.2077E+01
  -1.588  0.5292E+00  0.2082E+01
  -1.578  0.4709E+00  0.2087E+01
  -1.568  0.5055E+00  0.2092E+01
  -1.558  0.3869E+00  0.2096E+01
  -1.548  0.4873E+00  0.2101E+01
  -1.538  0.4385E+00  0.2105E+01
  -1.528  0.8842E+00  0.2114E+01
  -1.518  0.6592E+00  0.2121E+01
  -1.508  0.3284E+00  0.2124E+01
  -1.498  0.4698E+00  0.2129E+01
  -1.488  0.1934E+00  0.2131E+01
  -1.478  0.4390E+00  0.2135E+01
  -1.468  0.3222E+00  0.2138E+01
  -1.458  0.1831E+00  0.2140E+01
  -1.448  0.4858E+00  0.2145E+01
  -1.438  0.2182E+00  0.2147E+01
  -1.428  0.1888E+00  0.2149E+01
  -1.418  0.4887E+00  0.2154E+01
  -1.408  0.2013E+00  0.2156E+01
  -1.398  0.3630E+00  0.2160E+01
  -1.388  0.9648E+00  0.2169E+01
  -1.378  0.3753E+00  0.2173E+01
  -1.368  0.8371E-01  0.2174E+01
  -1.358  0.4060E+00  0.2178E+01
  -1.348  0.3532E+00  0.2181E+01
  -1.338  0.5370E-01  0.2182E+01
  -1.328  0.2092E+00  0.2184E+01
  -1.318  0.4856E+00  0.2189E+01
  -1.308  0.1536E+00  0.2190E+01
  -1.298  0.4401E-01  0.2191E+01
  -1.288  0.3399E+00  0.2194E+01
  -1.278  0.4174E+00  0.2198E+01
  -1.268  0.9976E-01  0.2199E+01
  -1.258  0.3672E+00  0.2203E+01
  -1.248  0.8319E+00  0.2211E+01
  -1.238  0.4532E+00  0.2216E+01
  -1.228  0.4994E-01  0.2216E+01
  -1.218  0.4885E-01  0.2217E+01
  -1.208  0.3716E+00  0.2221E+01
  -1.198  0.3891E+00  0.2225E+01
  -1.188  0.5536E-01  0.2225E+01
  -1.178  0.2285E-01  0.2225E+01
  -1.168  0.2727E+00  0.2228E+01
  -1.158  0.4619E+00  0.2233E+01
  -1.148  0.1059E+00  0.2234E+01
  -1.138  0.7909E-02  0.2234E+01
  -1.128  0.1574E+00  0.2235E+01
  -1.118  0.8160E+00  0.2244E+01
  -1.108  0.6665E+00  0.2250E+01
  -1.098  0.8574E-01  0.2251E+01
  -1.088  0.3941E-01  0.2251E+01
  -1.078  0.5121E+00  0.2257E+01
  -1.068  0.9400E+00  0.2266E+01
  -1.058  0.2335E+00  0.2268E+01
  -1.048  0.8409E-02  0.2268E+01
  -1.038  0.3747E-01  0.2269E+01
  -1.028  0.3397E+00  0.2272E+01
  -1.018  0.4172E+00  0.2276E+01
  -1.008  0.6934E-01  0.2277E+01
  -0.998  0.2628E-02  0.2277E+01
  -0.988  0.7268E-01  0.2278E+01
  -0.978  0.6710E+00  0.2284E+01
  -0.968  0.8406E+00  0.2293E+01
  -0.958  0.1429E+00  0.2294E+01
  -0.948  0.3539E-02  0.2294E+01
  -0.938  0.2228E-01  0.2295E+01
  -0.928  0.2753E+00  0.2297E+01
  -0.918  0.4605E+00  0.2302E+01
  -0.908  0.1043E+00  0.2303E+01
  -0.898  0.3226E-02  0.2303E+01
  -0.888  0.5653E-02  0.2303E+01
  -0.878  0.1418E+00  0.2304E+01
  -0.868  0.4878E+00  0.2309E+01
  -0.858  0.3943E+00  0.2313E+01
  -0.848  0.8823E+00  0.2322E+01
  -0.838  0.1149E+01  0.2334E+01
  -0.828  0.1069E+01  0.2344E+01
  -0.818  0.7931E+00  0.2352E+01
  -0.808  0.9198E+00  0.2361E+01
  -0.798  0.2399E+00  0.2364E+01
  -0.788  0.3106E+00  0.2367E+01
  -0.778  0.4453E+00  0.2371E+01
  -0.768  0.1642E+00  0.2373E+01
  -0.758  0.5243E+00  0.2378E+01
  -0.748  0.7852E+00  0.2386E+01
  -0.738  0.3209E+00  0.2389E+01
  -0.728  0.2559E-01  0.2390E+01
  -0.718  0.4655E-01  0.2390E+01
  -0.708  0.4589E+00  0.2395E+01
  -0.698  0.9917E+00  0.2405E+01
  -0.688  0.8344E+00  0.2413E+01
  -0.678  0.2518E+00  0.2415E+01
  -0.668  0.6531E-01  0.2416E+01
  -0.658  0.3809E+00  0.2420E+01
  -0.648  0.4558E+00  0.2424E+01
  -0.638  0.4768E+00  0.2429E+01
  -0.628  0.3311E+00  0.2433E+01
  -0.618  0.4143E-01  0.2433E+01
  -0.608  0.1557E+00  0.2435E+01
  -0.598  0.4865E+00  0.2439E+01
  -0.588  0.2383E+00  0.2442E+01
  -0.578  0.3328E+00  0.2445E+01
  -0.568  0.4324E+00  0.2449E+01
  -0.558  0.1283E+00  0.2451E+01
  -0.548  0.4813E+00  0.2456E+01
  -0.538  0.8614E+00  0.2464E+01
  -0.528  0.3249E+00  0.2467E+01
  -0.518  0.1652E+00  0.2469E+01
  -0.508  0.4834E+00  0.2474E+01
  -0.498  0.2192E+00  0.2476E+01
  -0.488  0.2779E-01  0.2476E+01
  -0.478  0.2260E+00  0.2479E+01
  -0.468  0.4815E+00  0.2483E+01
  -0.458  0.1622E+00  0.2485E+01
  -0.448  0.2866E+00  0.2488E+01
  -0.438  0.4573E+00  0.2492E+01
  -0.428  0.1008E+00  0.2493E+01
  -0.418  0.1760E-01  0.2494E+01
  -0.408  0.3241E+00  0.2497E+01
  -0.398  0.9749E+00  0.2507E+01
  -0.388  0.4392E+00  0.2511E+01
  -0.378  0.3774E+00  0.2515E+01
  -0.368  0.4039E+00  0.2519E+01
  -0.358  0.6206E-01  0.2519E+01
  -0.348  0.1755E-02  0.2519E+01
  -0.338  0.3339E-01  0.2520E+01
  -0.328  0.3258E+00  0.2523E+01
  -0.318  0.4707E+00  0.2528E+01
  -0.308  0.4314E+00  0.2532E+01
  -0.298  0.4061E+00  0.2536E+01
  -0.288  0.6233E-01  0.2537E+01
  -0.278  0.1625E-02  0.2537E+01
  -0.268  0.2711E-01  0.2537E+01
  -0.258  0.3289E+00  0.2540E+01
  -0.248  0.7886E+00  0.2548E+01
  -0.238  0.8047E+00  0.2556E+01
  -0.228  0.5410E+00  0.2562E+01
  -0.218  0.1037E+00  0.2563E+01
  -0.208  0.3060E-02  0.2563E+01
  -0.198  0.1247E-04  0.2563E+01
  -0.188  0.7416E-04  0.2563E+01
  -0.178  0.1287E-01  0.2563E+01
  -0.168  0.3032E+00  0.2566E+01
  -0.158  0.9697E+00  0.2576E+01
  -0.148  0.4209E+00  0.2580E+01
  -0.138  0.2480E-01  0.2580E+01
  -0.128  0.1449E-02  0.2580E+01
  -0.118  0.6090E-01  0.2581E+01
  -0.108  0.4019E+00  0.2585E+01
  -0.098  0.3903E+00  0.2589E+01
  -0.088  0.3817E+00  0.2592E+01
  -0.078  0.6883E+00  0.2599E+01
  -0.068  0.5496E+00  0.2605E+01
  -0.058  0.1193E+00  0.2606E+01
  -0.048  0.3971E-02  0.2606E+01
  -0.038  0.2377E-04  0.2606E+01
  -0.028  0.1763E-02  0.2606E+01
  -0.018  0.7446E-01  0.2607E+01
  -0.008  0.4256E+00  0.2611E+01
   0.002  0.3432E+00  0.2614E+01
   0.012  0.2585E+00  0.2617E+01
   0.022  0.4851E+00  0.2622E+01
   0.032  0.2364E+00  0.2624E+01
   0.042  0.4585E+00  0.2629E+01
   0.052  0.2916E+00  0.2632E+01
   0.062  0.1222E+00  0.2633E+01
   0.072  0.4544E+00  0.2638E+01
   0.082  0.2868E+00  0.2640E+01
   0.092  0.2744E-01  0.2641E+01
   0.102  0.9952E-01  0.2642E+01
   0.112  0.4560E+00  0.2646E+01
   0.122  0.2835E+00  0.2649E+01
   0.132  0.2584E-01  0.2649E+01
   0.142  0.7994E-01  0.2650E+01
   0.152  0.4332E+00  0.2654E+01
   0.162  0.3188E+00  0.2658E+01
   0.172  0.3569E-01  0.2658E+01
   0.182  0.1176E+00  0.2659E+01
   0.192  0.4823E+00  0.2664E+01
   0.202  0.4638E+00  0.2669E+01
   0.212  0.5050E+00  0.2674E+01
   0.222  0.1912E+00  0.2676E+01
   0.232  0.3474E+00  0.2679E+01
   0.242  0.4162E+00  0.2683E+01
   0.252  0.6877E-01  0.2684E+01
   0.262  0.1538E-02  0.2684E+01
   0.272  0.4838E-05  0.2684E+01
   0.282  0.1477E-03  0.2684E+01
   0.292  0.1618E-01  0.2684E+01
   0.302  0.2464E+00  0.2687E+01
   0.312  0.6465E+00  0.2693E+01
   0.322  0.6212E+00  0.2699E+01
   0.332  0.3116E+00  0.2702E+01
   0.342  0.4799E+00  0.2707E+01
   0.352  0.2564E+00  0.2710E+01
   0.362  0.1893E-01  0.2710E+01
   0.372  0.1901E-03  0.2710E+01
   0.382  0.5293E-03  0.2710E+01
   0.392  0.4224E-01  0.2710E+01
   0.402  0.5009E+00  0.2715E+01
   0.412  0.9155E+00  0.2725E+01
   0.422  0.2610E+00  0.2727E+01
   0.432  0.1134E-01  0.2727E+01
   0.442  0.7215E-04  0.2727E+01
   0.452  0.7232E-07  0.2727E+01
   0.462  0.1501E-04  0.2727E+01
   0.472  0.4209E-02  0.2727E+01
   0.482  0.1625E+00  0.2729E+01
   0.492  0.8662E+00  0.2738E+01
   0.502  0.7007E+00  0.2745E+01
   0.512  0.4753E+00  0.2749E+01
   0.522  0.3480E+00  0.2753E+01
   0.532  0.3967E-01  0.2753E+01
   0.542  0.6134E-03  0.2753E+01
   0.552  0.7150E-05  0.2753E+01
   0.562  0.1810E-02  0.2753E+01
   0.572  0.7559E-01  0.2754E+01
   0.582  0.4272E+00  0.2758E+01
   0.592  0.3268E+00  0.2762E+01
   0.602  0.4170E-01  0.2762E+01
   0.612  0.1690E+00  0.2764E+01
   0.622  0.4894E+00  0.2769E+01
   0.632  0.2559E+00  0.2771E+01
   0.642  0.4189E+00  0.2775E+01
   0.652  0.3509E+00  0.2779E+01
   0.662  0.9330E-01  0.2780E+01
   0.672  0.3842E+00  0.2784E+01
   0.682  0.3772E+00  0.2787E+01
   0.692  0.5021E-01  0.2788E+01
   0.702  0.1047E-02  0.2788E+01
   0.712  0.1580E-01  0.2788E+01
   0.722  0.2362E+00  0.2790E+01
   0.732  0.4780E+00  0.2795E+01
   0.742  0.1311E+00  0.2796E+01
   0.752  0.2474E-01  0.2797E+01
   0.762  0.2621E+00  0.2799E+01
   0.772  0.4677E+00  0.2804E+01
   0.782  0.1467E+00  0.2805E+01
   0.792  0.3310E+00  0.2809E+01
   0.802  0.4269E+00  0.2813E+01
   0.812  0.7549E-01  0.2814E+01
   0.822  0.1680E-01  0.2814E+01
   0.832  0.2307E+00  0.2816E+01
   0.842  0.4828E+00  0.2821E+01
   0.852  0.2356E+00  0.2823E+01
   0.862  0.4623E+00  0.2828E+01
   0.872  0.2814E+00  0.2831E+01
   0.882  0.2345E-01  0.2831E+01
   0.892  0.2643E-03  0.2831E+01
   0.902  0.4034E-06  0.2831E+01
   0.912  0.1536E-06  0.2831E+01
   0.922  0.1496E-03  0.2831E+01
   0.932  0.2022E-01  0.2831E+01
   0.942  0.3883E+00  0.2835E+01
   0.952  0.1189E+01  0.2847E+01
   0.962  0.8320E+00  0.2855E+01
   0.972  0.1616E+00  0.2857E+01
   0.982  0.5944E-02  0.2857E+01
   0.992  0.3195E-04  0.2857E+01
   1.002  0.2356E-07  0.2857E+01
   1.012  0.1247E-09  0.2857E+01
   1.022  0.5474E-06  0.2857E+01
   1.032  0.3336E-03  0.2857E+01
   1.042  0.2828E-01  0.2857E+01
   1.052  0.3611E+00  0.2861E+01
   1.062  0.8519E+00  0.2870E+01
   1.072  0.4448E+00  0.2874E+01
   1.082  0.4794E-01  0.2874E+01
   1.092  0.1110E+00  0.2876E+01
   1.102  0.4655E+00  0.2880E+01
   1.112  0.2657E+00  0.2883E+01
   1.122  0.2052E-01  0.2883E+01
   1.132  0.5942E-03  0.2883E+01
   1.142  0.2946E-01  0.2883E+01
   1.152  0.3095E+00  0.2886E+01
   1.162  0.4499E+00  0.2891E+01
   1.172  0.2761E+00  0.2894E+01
   1.182  0.4902E+00  0.2899E+01
   1.192  0.1683E+00  0.2900E+01
   1.202  0.7852E-02  0.2900E+01
   1.212  0.4959E-04  0.2900E+01
   1.222  0.1569E-05  0.2900E+01
   1.232  0.7932E-03  0.2900E+01
   1.242  0.5788E-01  0.2901E+01
   1.252  0.5987E+00  0.2907E+01
   1.262  0.8828E+00  0.2916E+01
   1.272  0.1862E+00  0.2918E+01
   1.282  0.3673E-01  0.2918E+01
   1.292  0.3165E+00  0.2921E+01
   1.302  0.4348E+00  0.2926E+01
   1.312  0.8085E-01  0.2926E+01
   1.322  0.2035E-02  0.2926E+01
   1.332  0.3580E-04  0.2926E+01
   1.342  0.5450E-02  0.2926E+01
   1.352  0.1392E+00  0.2928E+01
   1.362  0.4815E+00  0.2933E+01
   1.372  0.2253E+00  0.2935E+01
   1.382  0.1434E-01  0.2935E+01
   1.392  0.1053E-01  0.2935E+01
   1.402  0.2364E+00  0.2938E+01
   1.412  0.8692E+00  0.2946E+01
   1.422  0.5547E+00  0.2952E+01
   1.432  0.5979E-01  0.2952E+01
   1.442  0.1596E-02  0.2952E+01
   1.452  0.3923E-01  0.2953E+01
   1.462  0.3457E+00  0.2956E+01
   1.472  0.4122E+00  0.2960E+01
   1.482  0.6653E-01  0.2961E+01
   1.492  0.1453E-02  0.2961E+01
   1.502  0.6968E-05  0.2961E+01
   1.512  0.1037E-02  0.2961E+01
   1.522  0.5451E-01  0.2962E+01
   1.532  0.3877E+00  0.2965E+01
   1.542  0.3745E+00  0.2969E+01
   1.552  0.1169E+00  0.2970E+01
   1.562  0.5208E+00  0.2976E+01
   1.572  0.8154E+00  0.2984E+01
   1.582  0.3052E+00  0.2987E+01
   1.592  0.2099E-01  0.2987E+01
   1.602  0.2132E-03  0.2987E+01
   1.612  0.2991E-06  0.2987E+01
   1.622  0.1170E-05  0.2987E+01
   1.632  0.5737E-03  0.2987E+01
   1.642  0.3807E-01  0.2987E+01
   1.652  0.3419E+00  0.2991E+01
   1.662  0.4248E+00  0.2995E+01
   1.672  0.3056E+00  0.2998E+01
   1.682  0.1313E+01  0.3011E+01
   1.692  0.2244E+01  0.3034E+01
   1.702  0.1707E+01  0.3051E+01
   1.712  0.1403E+01  0.3065E+01
   1.722  0.1459E+01  0.3079E+01
   1.732  0.9850E+00  0.3089E+01
   1.742  0.7236E+00  0.3096E+01
   1.752  0.8281E+00  0.3105E+01
   1.762  0.4735E+00  0.3109E+01
   1.772  0.9631E+00  0.3119E+01
   1.782  0.1415E+01  0.3133E+01
   1.792  0.8976E+00  0.3142E+01
   1.802  0.1147E+01  0.3154E+01
   1.812  0.1247E+01  0.3166E+01
   1.822  0.2614E+00  0.3169E+01
   1.832  0.1729E+00  0.3171E+01
   1.842  0.8727E+00  0.3179E+01
   1.852  0.6301E+00  0.3186E+01
   1.862  0.1422E+00  0.3187E+01
   1.872  0.5913E+00  0.3193E+01
   1.882  0.1130E+01  0.3204E+01
   1.892  0.9775E+00  0.3214E+01
   1.902  0.1056E+01  0.3224E+01
   1.912  0.5610E+00  0.3230E+01
   1.922  0.5307E+00  0.3235E+01
   1.932  0.6593E+00  0.3242E+01
   1.942  0.4164E+00  0.3246E+01
   1.952  0.7923E-01  0.3247E+01
   1.962  0.2800E+00  0.3250E+01
   1.972  0.4729E+00  0.3254E+01
   1.982  0.3275E+00  0.3258E+01
   1.992  0.4876E+00  0.3263E+01
   2.002  0.2717E+00  0.3265E+01
   2.012  0.8548E+00  0.3274E+01
   2.022  0.1236E+01  0.3286E+01
   2.032  0.1038E+01  0.3297E+01
   2.042  0.5250E+00  0.3302E+01
   2.052  0.4859E+00  0.3307E+01
   2.062  0.4121E+00  0.3311E+01
   2.072  0.4328E+00  0.3315E+01
   2.082  0.7782E-01  0.3316E+01
   2.092  0.1272E-01  0.3316E+01
   2.102  0.2048E+00  0.3318E+01
   2.112  0.6780E+00  0.3325E+01
   2.122  0.9405E+00  0.3334E+01
   2.132  0.6570E+00  0.3341E+01
   2.142  0.2003E+00  0.3343E+01
   2.152  0.4544E+00  0.3347E+01
   2.162  0.3558E+00  0.3351E+01
   2.172  0.7271E+00  0.3358E+01
   2.182  0.1298E+01  0.3371E+01
   2.192  0.4948E+00  0.3376E+01
   2.202  0.3871E-01  0.3377E+01
   2.212  0.9116E-03  0.3377E+01
   2.222  0.3351E-01  0.3377E+01
   2.232  0.4411E+00  0.3381E+01
   2.242  0.1213E+01  0.3393E+01
   2.252  0.8028E+00  0.3402E+01
   2.262  0.1139E+00  0.3403E+01
   2.272  0.1897E+00  0.3405E+01
   2.282  0.5028E+00  0.3410E+01
   2.292  0.3998E+00  0.3414E+01
   2.302  0.4984E+00  0.3419E+01
   2.312  0.3223E+00  0.3422E+01
   2.322  0.5079E+00  0.3427E+01
   2.332  0.3998E+00  0.3431E+01
   2.342  0.5017E+00  0.3436E+01
   2.352  0.4081E+00  0.3440E+01
   2.362  0.9322E+00  0.3449E+01
   2.372  0.4865E+00  0.3454E+01
   2.382  0.7573E-01  0.3455E+01
   2.392  0.3603E+00  0.3459E+01
   2.402  0.6877E+00  0.3465E+01
   2.412  0.5416E+00  0.3471E+01
   2.422  0.2813E+00  0.3474E+01
   2.432  0.4916E+00  0.3479E+01
   2.442  0.1877E+00  0.3480E+01
   2.452  0.1119E-01  0.3481E+01
   2.462  0.7833E-01  0.3481E+01
   2.472  0.6481E+00  0.3488E+01
   2.482  0.9148E+00  0.3497E+01
   2.492  0.7893E+00  0.3505E+01
   2.502  0.8276E+00  0.3513E+01
   2.512  0.1964E+00  0.3515E+01
   2.522  0.3930E-01  0.3515E+01
   2.532  0.3199E+00  0.3519E+01
   2.542  0.4966E+00  0.3524E+01
   2.552  0.4921E+00  0.3529E+01
   2.562  0.5067E+00  0.3534E+01
   2.572  0.5270E+00  0.3539E+01
   2.582  0.2286E+00  0.3541E+01
   2.592  0.2616E+00  0.3544E+01
   2.602  0.4730E+00  0.3549E+01
   2.612  0.1224E+00  0.3550E+01
   2.622  0.5655E-01  0.3550E+01
   2.632  0.4563E+00  0.3555E+01
   2.642  0.1012E+01  0.3565E+01
   2.652  0.9220E+00  0.3574E+01
   2.662  0.5152E+00  0.3579E+01
   2.672  0.4294E+00  0.3584E+01
   2.682  0.7302E-01  0.3584E+01
   2.692  0.2473E-02  0.3584E+01
   2.702  0.6072E-01  0.3585E+01
   2.712  0.7359E+00  0.3592E+01
   2.722  0.1386E+01  0.3606E+01
   2.732  0.3974E+00  0.3610E+01
   2.742  0.1670E-01  0.3610E+01
   2.752  0.9955E-04  0.3610E+01
   2.762  0.2591E-05  0.3610E+01
   2.772  0.1332E-02  0.3610E+01
   2.782  0.9788E-01  0.3611E+01
   2.792  0.1030E+01  0.3622E+01
   2.802  0.1725E+01  0.3639E+01
   2.812  0.5687E+00  0.3645E+01
   2.822  0.4389E-01  0.3645E+01
   2.832  0.1162E+00  0.3646E+01
   2.842  0.4693E+00  0.3651E+01
   2.852  0.2596E+00  0.3653E+01
   2.862  0.1210E+00  0.3655E+01
   2.872  0.7412E+00  0.3662E+01
   2.882  0.7700E+00  0.3670E+01
   2.892  0.1143E+00  0.3671E+01
   2.902  0.2623E-02  0.3671E+01
   2.912  0.2043E-01  0.3671E+01
   2.922  0.2652E+00  0.3674E+01
   2.932  0.4778E+00  0.3679E+01
   2.942  0.3571E+00  0.3682E+01
   2.952  0.1062E+01  0.3693E+01
   2.962  0.1433E+01  0.3707E+01
   2.972  0.6387E+00  0.3714E+01
   2.982  0.7300E-01  0.3714E+01
   2.992  0.1499E-02  0.3714E+01
   3.002  0.7054E-02  0.3714E+01
   3.012  0.1593E+00  0.3716E+01
   3.022  0.4960E+00  0.3721E+01
   3.032  0.3834E+00  0.3725E+01
   3.042  0.5102E+00  0.3730E+01
   3.052  0.3716E+00  0.3734E+01
   3.062  0.4969E+00  0.3739E+01
   3.072  0.2047E+00  0.3741E+01
   3.082  0.4785E+00  0.3745E+01
   3.092  0.9181E+00  0.3755E+01
   3.102  0.3940E+00  0.3758E+01
   3.112  0.5387E+00  0.3764E+01
   3.122  0.6937E+00  0.3771E+01
   3.132  0.4126E+00  0.3775E+01
   3.142  0.3985E+00  0.3779E+01
   3.152  0.4013E+00  0.3783E+01
   3.162  0.6057E-01  0.3784E+01
   3.172  0.5625E-02  0.3784E+01
   3.182  0.1495E+00  0.3785E+01
   3.192  0.8014E+00  0.3793E+01
   3.202  0.8999E+00  0.3802E+01
   3.212  0.8786E+00  0.3811E+01
   3.222  0.6451E+00  0.3817E+01
   3.232  0.3659E+00  0.3821E+01
   3.242  0.4696E+00  0.3826E+01
   3.252  0.1601E+00  0.3827E+01
   3.262  0.5648E+00  0.3833E+01
   3.272  0.9422E+00  0.3842E+01
   3.282  0.9390E+00  0.3852E+01
   3.292  0.4013E+01  0.3892E+01
   3.302  0.5710E+01  0.3949E+01
   3.312  0.3732E+01  0.3986E+01
   3.322  0.3035E+01  0.4017E+01
   3.332  0.2638E+01  0.4043E+01
   3.342  0.2371E+01  0.4067E+01
   3.352  0.2183E+01  0.4089E+01
   3.362  0.1584E+01  0.4104E+01
   3.372  0.1653E+01  0.4121E+01
   3.382  0.1671E+01  0.4138E+01
   3.392  0.1906E+01  0.4157E+01
   3.402  0.1116E+01  0.4168E+01
   3.412  0.1672E+01  0.4185E+01
   3.422  0.1437E+01  0.4199E+01
   3.432  0.1404E+01  0.4213E+01
   3.442  0.1221E+01  0.4225E+01
   3.452  0.1079E+01  0.4236E+01
   3.462  0.1843E+01  0.4254E+01
   3.472  0.2009E+01  0.4274E+01
   3.482  0.1288E+01  0.4287E+01
   3.492  0.1386E+01  0.4301E+01
   3.502  0.9505E+00  0.4311E+01
   3.512  0.4371E+00  0.4315E+01
   3.522  0.1343E+01  0.4329E+01
   3.532  0.8807E+00  0.4337E+01
   3.542  0.4899E+00  0.4342E+01
   3.552  0.9964E+00  0.4352E+01
   3.562  0.1538E+01  0.4368E+01
   3.572  0.1538E+01  0.4383E+01
   3.582  0.9193E+00  0.4392E+01
   3.592  0.1668E+01  0.4409E+01
   3.602  0.1841E+01  0.4427E+01
   3.612  0.5517E+00  0.4433E+01
   3.622  0.4704E+00  0.4437E+01
   3.632  0.1425E+01  0.4452E+01
   3.642  0.7024E+00  0.4459E+01
   3.652  0.5227E+00  0.4464E+01
   3.662  0.1146E+01  0.4475E+01
   3.672  0.1187E+01  0.4487E+01
   3.682  0.7121E+00  0.4494E+01
   3.692  0.5291E+00  0.4500E+01
   3.702  0.3253E+00  0.4503E+01
   3.712  0.9766E+00  0.4513E+01
   3.722  0.2468E+01  0.4537E+01
   3.732  0.2050E+01  0.4558E+01
   3.742  0.6725E+00  0.4565E+01
   3.752  0.1095E+01  0.4576E+01
   3.762  0.1634E+01  0.4592E+01
   3.772  0.5233E+00  0.4597E+01
   3.782  0.1106E+00  0.4598E+01
   3.792  0.4834E+00  0.4603E+01
   3.802  0.8533E+00  0.4612E+01
   3.812  0.9650E+00  0.4621E+01
   3.822  0.4141E+00  0.4625E+01
   3.832  0.5671E+00  0.4631E+01
   3.842  0.6540E+00  0.4638E+01
   3.852  0.1270E+01  0.4650E+01
   3.862  0.2182E+01  0.4672E+01
   3.872  0.1393E+01  0.4686E+01
   3.882  0.5674E+00  0.4692E+01
   3.892  0.1675E+00  0.4693E+01
   3.902  0.8503E+00  0.4702E+01
   3.912  0.1342E+01  0.4715E+01
   3.922  0.3342E+00  0.4719E+01
   3.932  0.3211E+00  0.4722E+01
   3.942  0.8772E+00  0.4731E+01
   3.952  0.7073E+00  0.4738E+01
   3.962  0.9839E+00  0.4748E+01
   3.972  0.5824E+00  0.4753E+01
   3.982  0.5752E+00  0.4759E+01
   3.992  0.1212E+01  0.4771E+01
   4.002  0.7562E+00  0.4779E+01
   4.012  0.6704E+00  0.4786E+01
   4.022  0.1634E+01  0.4802E+01
   4.032  0.1543E+01  0.4817E+01
   4.042  0.4842E+00  0.4822E+01
   4.052  0.5032E-01  0.4823E+01
   4.062  0.3248E+00  0.4826E+01
   4.072  0.1198E+01  0.4838E+01
   4.082  0.9301E+00  0.4847E+01
   4.092  0.1295E+00  0.4848E+01
   4.102  0.1291E+00  0.4850E+01
   4.112  0.5550E+00  0.4855E+01
   4.122  0.1200E+01  0.4867E+01
   4.132  0.2107E+01  0.4888E+01
   4.142  0.1122E+01  0.4900E+01
   4.152  0.4763E+00  0.4904E+01
   4.162  0.4338E+00  0.4909E+01
   4.172  0.3650E+00  0.4912E+01
   4.182  0.5085E+00  0.4917E+01
   4.192  0.8557E+00  0.4926E+01
   4.202  0.1382E+01  0.4940E+01
   4.212  0.4331E+00  0.4944E+01
   4.222  0.4151E+00  0.4948E+01
   4.232  0.3993E+00  0.4952E+01
   4.242  0.4232E+00  0.4957E+01
   4.252  0.1137E+01  0.4968E+01
   4.262  0.2014E+01  0.4988E+01
   4.272  0.7273E+00  0.4995E+01
   4.282  0.1467E+00  0.4997E+01
   4.292  0.4654E+00  0.5001E+01
   4.302  0.2753E+00  0.5004E+01
   4.312  0.2995E+00  0.5007E+01
   4.322  0.1545E+01  0.5023E+01
   4.332  0.1644E+01  0.5039E+01
   4.342  0.6927E+00  0.5046E+01
   4.352  0.1541E+00  0.5048E+01
   4.362  0.6726E-02  0.5048E+01
   4.372  0.4249E-01  0.5048E+01
   4.382  0.7072E+00  0.5055E+01
   4.392  0.2243E+01  0.5078E+01
   4.402  0.1260E+01  0.5090E+01
   4.412  0.4081E+00  0.5094E+01
   4.422  0.5007E+00  0.5099E+01
   4.432  0.4785E+00  0.5104E+01
   4.442  0.3783E+00  0.5108E+01
   4.452  0.2574E+00  0.5110E+01
   4.462  0.1033E+01  0.5121E+01
   4.472  0.1103E+01  0.5132E+01
   4.482  0.7482E+00  0.5139E+01
   4.492  0.3349E+00  0.5143E+01
   4.502  0.1205E+00  0.5144E+01
   4.512  0.5835E+00  0.5150E+01
   4.522  0.1393E+01  0.5164E+01
   4.532  0.2070E+01  0.5184E+01
   4.542  0.9733E+00  0.5194E+01
   4.552  0.8155E-01  0.5195E+01
   4.562  0.5383E-02  0.5195E+01
   4.572  0.1242E+00  0.5196E+01
   4.582  0.4760E+00  0.5201E+01
   4.592  0.3435E+00  0.5204E+01
   4.602  0.9650E+00  0.5214E+01
   4.612  0.1580E+01  0.5230E+01
   4.622  0.8630E+00  0.5238E+01
   4.632  0.5888E+00  0.5244E+01
   4.642  0.3274E+00  0.5247E+01
   4.652  0.7064E+00  0.5255E+01
   4.662  0.8288E+00  0.5263E+01
   4.672  0.6714E+00  0.5270E+01
   4.682  0.1459E+01  0.5284E+01
   4.692  0.6114E+00  0.5290E+01
   4.702  0.4161E+00  0.5294E+01
   4.712  0.3796E+00  0.5298E+01
   4.722  0.1792E+00  0.5300E+01
   4.732  0.4805E+00  0.5305E+01
   4.742  0.3520E+00  0.5308E+01
   4.752  0.9474E+00  0.5318E+01
   4.762  0.1243E+01  0.5330E+01
   4.772  0.5136E+00  0.5335E+01
   4.782  0.1132E+01  0.5347E+01
   4.792  0.1233E+01  0.5359E+01
   4.802  0.6955E+00  0.5366E+01
   4.812  0.2001E+00  0.5368E+01
   4.822  0.3833E+00  0.5372E+01
   4.832  0.1424E+01  0.5386E+01
   4.842  0.7343E+00  0.5393E+01
   4.852  0.5140E-01  0.5394E+01
   4.862  0.3916E-02  0.5394E+01
   4.872  0.1096E+00  0.5395E+01
   4.882  0.5307E+00  0.5400E+01
   4.892  0.8328E+00  0.5409E+01
   4.902  0.1407E+01  0.5423E+01
   4.912  0.1905E+01  0.5442E+01
   4.922  0.1154E+01  0.5453E+01
   4.932  0.6775E+00  0.5460E+01
   4.942  0.2890E+00  0.5463E+01
   4.952  0.3456E+00  0.5466E+01
   4.962  0.3188E+01  0.5498E+01
   4.972  0.6116E+01  0.5560E+01
   4.982  0.5453E+01  0.5614E+01
   4.992  0.4700E+01  0.5661E+01
   5.002  0.2876E+01  0.5690E+01
   5.012  0.2204E+01  0.5712E+01
   5.022  0.2126E+01  0.5733E+01
   5.032  0.2783E+01  0.5761E+01
   5.042  0.3073E+01  0.5792E+01
   5.052  0.2383E+01  0.5815E+01
   5.062  0.2199E+01  0.5837E+01
   5.072  0.2685E+01  0.5864E+01
   5.082  0.2571E+01  0.5890E+01
   5.092  0.1733E+01  0.5907E+01
   5.102  0.1270E+01  0.5920E+01
   5.112  0.1219E+01  0.5932E+01
   5.122  0.1376E+01  0.5946E+01
   5.132  0.1638E+01  0.5962E+01
   5.142  0.1765E+01  0.5980E+01
   5.152  0.2247E+01  0.6003E+01
   5.162  0.1997E+01  0.6022E+01
   5.172  0.2711E+01  0.6050E+01
   5.182  0.2485E+01  0.6074E+01
   5.192  0.1252E+01  0.6087E+01
   5.202  0.1013E+01  0.6097E+01
   5.212  0.9287E+00  0.6106E+01
   5.222  0.1751E+01  0.6124E+01
   5.232  0.2193E+01  0.6146E+01
   5.242  0.1423E+01  0.6160E+01
   5.252  0.9356E+00  0.6169E+01
   5.262  0.1589E+01  0.6185E+01
   5.272  0.1460E+01  0.6200E+01
   5.282  0.1801E+01  0.6218E+01
   5.292  0.1094E+01  0.6229E+01
   5.302  0.2152E+01  0.6250E+01
   5.312  0.2493E+01  0.6275E+01
   5.322  0.1868E+01  0.6294E+01
   5.332  0.9387E+00  0.6303E+01
   5.342  0.1064E+01  0.6314E+01
   5.352  0.1354E+01  0.6328E+01
   5.362  0.1085E+01  0.6338E+01
   5.372  0.1355E+01  0.6352E+01
   5.382  0.8184E+00  0.6360E+01
   5.392  0.2163E+01  0.6382E+01
   5.402  0.1751E+01  0.6399E+01
   5.412  0.1469E+01  0.6414E+01
   5.422  0.1649E+01  0.6430E+01
   5.432  0.1792E+01  0.6448E+01
   5.442  0.1603E+01  0.6464E+01
   5.452  0.9556E+00  0.6474E+01
   5.462  0.1305E+01  0.6487E+01
   5.472  0.1713E+01  0.6504E+01
   5.482  0.1041E+01  0.6515E+01
   5.492  0.1396E+01  0.6529E+01
   5.502  0.1039E+01  0.6539E+01
   5.512  0.1656E+01  0.6555E+01
   5.522  0.1447E+01  0.6570E+01
   5.532  0.8673E+00  0.6579E+01
   5.542  0.2203E+01  0.6601E+01
   5.552  0.2286E+01  0.6623E+01
   5.562  0.1340E+01  0.6637E+01
   5.572  0.1321E+01  0.6650E+01
   5.582  0.8643E+00  0.6659E+01
   5.592  0.1261E+01  0.6671E+01
   5.602  0.1175E+01  0.6683E+01
   5.612  0.9449E+00  0.6693E+01
   5.622  0.2140E+01  0.6714E+01
   5.632  0.1749E+01  0.6731E+01
   5.642  0.9796E+00  0.6741E+01
   5.652  0.1894E+01  0.6760E+01
   5.662  0.1586E+01  0.6776E+01
   5.672  0.1577E+01  0.6792E+01
   5.682  0.1346E+01  0.6805E+01
   5.692  0.8479E+00  0.6814E+01
   5.702  0.1542E+01  0.6829E+01
   5.712  0.1869E+01  0.6848E+01
   5.722  0.1374E+01  0.6862E+01
   5.732  0.1599E+01  0.6878E+01
   5.742  0.1132E+01  0.6889E+01
   5.752  0.1088E+01  0.6900E+01
   5.762  0.2076E+01  0.6921E+01
   5.772  0.1499E+01  0.6936E+01
   5.782  0.1963E+01  0.6955E+01
   5.792  0.1883E+01  0.6974E+01
   5.802  0.7345E+00  0.6981E+01
   5.812  0.1742E+01  0.6999E+01
   5.822  0.1894E+01  0.7018E+01
   5.832  0.5894E+00  0.7024E+01
   5.842  0.1403E+01  0.7038E+01
   5.852  0.2324E+01  0.7061E+01
   5.862  0.1826E+01  0.7079E+01
   5.872  0.2347E+01  0.7103E+01
   5.882  0.1349E+01  0.7116E+01
   5.892  0.9801E+00  0.7126E+01
   5.902  0.1832E+01  0.7144E+01
   5.912  0.1500E+01  0.7159E+01
   5.922  0.2263E+01  0.7182E+01
   5.932  0.1787E+01  0.7200E+01
   5.942  0.1467E+01  0.7214E+01
   5.952  0.2251E+01  0.7237E+01
   5.962  0.1243E+01  0.7249E+01
   5.972  0.2170E+01  0.7271E+01
   5.982  0.2831E+01  0.7299E+01
   5.992  0.1940E+01  0.7319E+01
   6.002  0.1392E+01  0.7333E+01
   6.012  0.1186E+01  0.7344E+01
   6.022  0.2404E+01  0.7369E+01
   6.032  0.3306E+01  0.7402E+01
   6.042  0.2912E+01  0.7431E+01
   6.052  0.1725E+01  0.7448E+01
   6.062  0.1735E+01  0.7465E+01
   6.072  0.2304E+01  0.7488E+01
   6.082  0.3624E+01  0.7525E+01
   6.092  0.3126E+01  0.7556E+01
   6.102  0.2880E+01  0.7585E+01
   6.112  0.3054E+01  0.7615E+01
   6.122  0.3529E+01  0.7650E+01
   6.132  0.4405E+01  0.7695E+01
   6.142  0.4960E+01  0.7744E+01
   6.152  0.5967E+01  0.7804E+01
   6.162  0.9623E+01  0.7900E+01
   6.172  0.8279E+01  0.7983E+01
   6.182  0.1663E+01  0.7999E+01
   6.192  0.5591E-01  0.8000E+01
   6.202  0.2773E-03  0.8000E+01
   6.212  0.1936E-06  0.8000E+01
   6.222  0.1865E-10  0.8000E+01
   6.232  0.2460E-15  0.8000E+01
   6.242  0.4427E-21  0.8000E+01
   6.252  0.1084E-27  0.8000E+01
   6.262  0.3605E-35  0.8000E+01
   6.272  0.1628E-43  0.8000E+01
   6.282  0.9973E-53  0.8000E+01
   6.292  0.8286E-63  0.8000E+01
   6.302  0.9331E-74  0.8000E+01
   6.312  0.1883E-83  0.8000E+01
   6.322  0.1874E-83  0.8000E+01
   6.332  0.1874E-83  0.8000E+01
   6.342  0.1874E-83  0.8000E+01
   6.352  0.1874E-83  0.8000E+01
   6.362  0.1874E-83  0.8000E+01
   6.372  0.1874E-83  0.8000E+01
   6.382  0.1874E-83  0.8000E+01
   6.392  0.1874E-83  0.8000E+01
   6.402  0.1874E-83  0.8000E+01
   6.412  0.1874E-83  0.8000E+01
   6.422  0.1874E-83  0.8000E+01
   6.432  0.1874E-83  0.8000E+01
   6.442  0.1874E-83  0.8000E+01
   6.452  0.1874E-83  0.8000E+01
   6.462  0.1874E-83  0.8000E+01
   6.472  0.1874E-83  0.8000E+01
   6.482  0.1874E-83  0.8000E+01
   6.492  0.1874E-83  0.8000E+01
   6.502  0.5300E-75  0.8000E+01
   6.512  0.5097E-64  0.8000E+01
   6.522  0.6658E-54  0.8000E+01
   6.532  0.1183E-44  0.8000E+01
   6.542  0.2864E-36  0.8000E+01
   6.552  0.9468E-29  0.8000E+01
   6.562  0.4284E-22  0.8000E+01
   6.572  0.2661E-16  0.8000E+01
   6.582  0.2277E-11  0.8000E+01
   6.592  0.2698E-07  0.8000E+01
   6.602  0.4453E-04  0.8000E+01
   6.612  0.1040E-01  0.8000E+01
   6.622  0.3563E+00  0.8004E+01
   6.632  0.1985E+01  0.8024E+01
   6.642  0.2513E+01  0.8049E+01
   6.652  0.1717E+01  0.8066E+01
   6.662  0.1298E+01  0.8079E+01
   6.672  0.1167E+01  0.8090E+01
   6.682  0.9100E+00  0.8100E+01
   6.692  0.1012E+01  0.8110E+01
   6.702  0.6831E+00  0.8117E+01
   6.712  0.9623E+00  0.8126E+01
   6.722  0.5408E+00  0.8132E+01
   6.732  0.8157E+00  0.8140E+01
   6.742  0.6834E+00  0.8147E+01
   6.752  0.5652E+00  0.8152E+01
   6.762  0.1904E+01  0.8171E+01
   6.772  0.2948E+01  0.8201E+01
   6.782  0.2262E+01  0.8223E+01
   6.792  0.1824E+01  0.8242E+01
   6.802  0.1844E+01  0.8260E+01
   6.812  0.1417E+01  0.8274E+01
   6.822  0.1181E+01  0.8286E+01
   6.832  0.1161E+01  0.8298E+01
   6.842  0.1331E+01  0.8311E+01
   6.852  0.1497E+01  0.8326E+01
   6.862  0.8751E+00  0.8335E+01
   6.872  0.9460E+00  0.8344E+01
   6.882  0.1089E+01  0.8355E+01
   6.892  0.8572E+00  0.8364E+01
   6.902  0.8280E+00  0.8372E+01
   6.912  0.1242E+01  0.8384E+01
   6.922  0.1292E+01  0.8397E+01
   6.932  0.8707E+00  0.8406E+01
   6.942  0.3527E+00  0.8409E+01
   6.952  0.6187E+00  0.8416E+01
   6.962  0.9701E+00  0.8425E+01
   6.972  0.1195E+01  0.8437E+01
   6.982  0.8110E+00  0.8445E+01
   6.992  0.6150E+00  0.8452E+01
   7.002  0.7912E+00  0.8459E+01
   7.012  0.1144E+01  0.8471E+01
   7.022  0.7588E+00  0.8478E+01
   7.032  0.5120E+00  0.8484E+01
   7.042  0.1688E+00  0.8485E+01
   7.052  0.5846E+00  0.8491E+01
   7.062  0.1262E+01  0.8504E+01
   7.072  0.9842E+00  0.8514E+01
   7.082  0.7418E+00  0.8521E+01
   7.092  0.6043E+00  0.8527E+01
   7.102  0.5022E+00  0.8532E+01
   7.112  0.5998E+00  0.8538E+01
   7.122  0.9339E+00  0.8547E+01
   7.132  0.6098E+00  0.8553E+01
   7.142  0.1388E+00  0.8555E+01
   7.152  0.6814E+00  0.8562E+01
   7.162  0.8409E+00  0.8570E+01
   7.172  0.3498E+00  0.8574E+01
   7.182  0.9597E+00  0.8583E+01
   7.192  0.1112E+01  0.8594E+01
   7.202  0.5186E+00  0.8599E+01
   7.212  0.5197E+00  0.8605E+01
   7.222  0.4086E+00  0.8609E+01
   7.232  0.4794E+00  0.8614E+01
   7.242  0.2366E+00  0.8616E+01
   7.252  0.6165E+00  0.8622E+01
   7.262  0.1334E+01  0.8635E+01
   7.272  0.1203E+01  0.8647E+01
   7.282  0.2308E+00  0.8650E+01
   7.292  0.4076E+00  0.8654E+01
   7.302  0.7511E+00  0.8661E+01
   7.312  0.7785E+00  0.8669E+01
   7.322  0.1038E+01  0.8680E+01
   7.332  0.4477E+00  0.8684E+01
   7.342  0.3256E+00  0.8687E+01
   7.352  0.4457E+00  0.8692E+01
   7.362  0.1048E+00  0.8693E+01
   7.372  0.2497E+00  0.8695E+01
   7.382  0.7459E+00  0.8703E+01
   7.392  0.1020E+01  0.8713E+01
   7.402  0.5247E+00  0.8718E+01
   7.412  0.2056E+00  0.8720E+01
   7.422  0.5959E+00  0.8726E+01
   7.432  0.8994E+00  0.8735E+01
   7.442  0.7824E+00  0.8743E+01
   7.452  0.1587E+00  0.8745E+01
   7.462  0.1567E+00  0.8746E+01
   7.472  0.7477E+00  0.8754E+01
   7.482  0.7102E+00  0.8761E+01
   7.492  0.3142E+00  0.8764E+01
   7.502  0.4933E+00  0.8769E+01
   7.512  0.2432E+00  0.8771E+01
   7.522  0.4328E+00  0.8776E+01
   7.532  0.3341E+00  0.8779E+01
   7.542  0.1903E+00  0.8781E+01
   7.552  0.9452E+00  0.8790E+01
   7.562  0.1277E+01  0.8803E+01
   7.572  0.8317E+00  0.8811E+01
   7.582  0.2369E+00  0.8814E+01
   7.592  0.1317E-01  0.8814E+01
   7.602  0.1279E-01  0.8814E+01
   7.612  0.2488E+00  0.8816E+01
   7.622  0.9957E+00  0.8826E+01
   7.632  0.2315E+01  0.8850E+01
   7.642  0.3308E+01  0.8883E+01
   7.652  0.2097E+01  0.8904E+01
   7.662  0.1645E+01  0.8920E+01
   7.672  0.1651E+01  0.8937E+01
   7.682  0.1331E+01  0.8950E+01
   7.692  0.1674E+01  0.8967E+01
   7.702  0.1532E+01  0.8982E+01
   7.712  0.1172E+01  0.8994E+01
   7.722  0.1575E+01  0.9009E+01
   7.732  0.1254E+01  0.9022E+01
   7.742  0.7790E+00  0.9030E+01
   7.752  0.9909E+00  0.9040E+01
   7.762  0.1189E+01  0.9052E+01
   7.772  0.1149E+01  0.9063E+01
   7.782  0.7732E+00  0.9071E+01
   7.792  0.5414E+00  0.9076E+01
   7.802  0.5749E+00  0.9082E+01
   7.812  0.9898E+00  0.9092E+01
   7.822  0.1892E+01  0.9111E+01
   7.832  0.1203E+01  0.9123E+01
   7.842  0.7474E+00  0.9130E+01
   7.852  0.9890E+00  0.9140E+01
   7.862  0.5670E+00  0.9146E+01
   7.872  0.8867E+00  0.9155E+01
   7.882  0.1050E+01  0.9165E+01
   7.892  0.1019E+01  0.9175E+01
   7.902  0.5488E+00  0.9181E+01
   7.912  0.8986E+00  0.9190E+01
   7.922  0.9109E+00  0.9199E+01
   7.932  0.1024E+01  0.9209E+01
   7.942  0.5306E+00  0.9215E+01
   7.952  0.9155E+00  0.9224E+01
   7.962  0.6404E+00  0.9230E+01
   7.972  0.5875E+00  0.9236E+01
   7.982  0.7489E+00  0.9243E+01
   7.992  0.7897E+00  0.9251E+01
   8.002  0.9098E+00  0.9260E+01
   8.012  0.1220E+01  0.9273E+01
   8.022  0.1391E+01  0.9287E+01
   8.032  0.6851E+00  0.9293E+01
   8.042  0.9515E+00  0.9303E+01
   8.052  0.4432E+00  0.9307E+01
   8.062  0.3207E+00  0.9311E+01
   8.072  0.5065E+00  0.9316E+01
   8.082  0.6436E+00  0.9322E+01
   8.092  0.1261E+01  0.9335E+01
   8.102  0.7079E+00  0.9342E+01
   8.112  0.5629E+00  0.9347E+01
   8.122  0.9472E+00  0.9357E+01
   8.132  0.3276E+00  0.9360E+01
   8.142  0.8053E+00  0.9368E+01
   8.152  0.1361E+01  0.9382E+01
   8.162  0.8414E+00  0.9390E+01
   8.172  0.9370E+00  0.9400E+01
   8.182  0.3121E+00  0.9403E+01
   8.192  0.3191E+00  0.9406E+01
   8.202  0.9191E+00  0.9415E+01
   8.212  0.1086E+01  0.9426E+01
   8.222  0.1057E+01  0.9436E+01
   8.232  0.8210E+00  0.9445E+01
   8.242  0.2138E+00  0.9447E+01
   8.252  0.5600E+00  0.9452E+01
   8.262  0.8551E+00  0.9461E+01
   8.272  0.8858E+00  0.9470E+01
   8.282  0.8097E+00  0.9478E+01
   8.292  0.2572E+00  0.9481E+01
   8.302  0.2391E+00  0.9483E+01
   8.312  0.7287E+00  0.9490E+01
   8.322  0.8638E+00  0.9499E+01
   8.332  0.1601E+01  0.9515E+01
   8.342  0.1510E+01  0.9530E+01
   8.352  0.2862E+00  0.9533E+01
   8.362  0.4041E+00  0.9537E+01
   8.372  0.8345E+00  0.9545E+01
   8.382  0.7486E+00  0.9553E+01
   8.392  0.9145E+00  0.9562E+01
   8.402  0.4819E+00  0.9567E+01
   8.412  0.1478E+00  0.9568E+01
   8.422  0.6232E+00  0.9574E+01
   8.432  0.9430E+00  0.9584E+01
   8.442  0.9806E+00  0.9594E+01
   8.452  0.1189E+01  0.9605E+01
   8.462  0.4765E+00  0.9610E+01
   8.472  0.2887E+00  0.9613E+01
   8.482  0.1016E+01  0.9623E+01
   8.492  0.1102E+01  0.9634E+01
   8.502  0.8716E+00  0.9643E+01
   8.512  0.8938E+00  0.9652E+01
   8.522  0.2950E+00  0.9655E+01
   8.532  0.9640E+00  0.9665E+01
   8.542  0.1225E+01  0.9677E+01
   8.552  0.4552E+00  0.9681E+01
   8.562  0.7600E+00  0.9689E+01
   8.572  0.1079E+01  0.9700E+01
   8.582  0.9529E+00  0.9709E+01
   8.592  0.9210E+00  0.9718E+01
   8.602  0.7167E+00  0.9726E+01
   8.612  0.1009E+01  0.9736E+01
   8.622  0.4896E+00  0.9741E+01
   8.632  0.6191E+00  0.9747E+01
   8.642  0.1201E+01  0.9759E+01
   8.652  0.1042E+01  0.9769E+01
   8.662  0.1009E+01  0.9779E+01
   8.672  0.9465E+00  0.9789E+01
   8.682  0.2482E+01  0.9814E+01
   8.692  0.7837E+01  0.9892E+01
   8.702  0.1087E+02  0.1000E+02
   8.712  0.7001E+01  0.1007E+02
   8.722  0.5660E+01  0.1013E+02
   8.732  0.5094E+01  0.1018E+02
   8.742  0.4956E+01  0.1023E+02
   8.752  0.5505E+01  0.1028E+02
   8.762  0.4255E+01  0.1033E+02
   8.772  0.2502E+01  0.1035E+02
   8.782  0.1839E+01  0.1037E+02
   8.792  0.2160E+01  0.1039E+02
   8.802  0.3123E+01  0.1042E+02
   8.812  0.2525E+01  0.1045E+02
   8.822  0.2747E+01  0.1047E+02
   8.832  0.1866E+01  0.1049E+02
   8.842  0.1418E+01  0.1051E+02
   8.852  0.2576E+01  0.1053E+02
   8.862  0.2173E+01  0.1055E+02
   8.872  0.2408E+01  0.1058E+02
   8.882  0.2751E+01  0.1061E+02
   8.892  0.1899E+01  0.1063E+02
   8.902  0.1034E+01  0.1064E+02
   8.912  0.1844E+01  0.1065E+02
   8.922  0.1940E+01  0.1067E+02
   8.932  0.1865E+01  0.1069E+02
   8.942  0.2804E+01  0.1072E+02
   8.952  0.2897E+01  0.1075E+02
   8.962  0.1496E+01  0.1076E+02
   8.972  0.1198E+01  0.1078E+02
   8.982  0.2229E+01  0.1080E+02
   8.992  0.1790E+01  0.1082E+02
   9.002  0.1147E+01  0.1083E+02
   9.012  0.1760E+01  0.1085E+02
   9.022  0.3270E+01  0.1088E+02
   9.032  0.2148E+01  0.1090E+02
   9.042  0.1422E+01  0.1091E+02
   9.052  0.2447E+01  0.1094E+02
   9.062  0.2720E+01  0.1097E+02
   9.072  0.1888E+01  0.1098E+02
   9.082  0.1274E+01  0.1100E+02
   9.092  0.2511E+01  0.1102E+02
   9.102  0.2362E+01  0.1105E+02
   9.112  0.2184E+01  0.1107E+02
   9.122  0.2245E+01  0.1109E+02
   9.132  0.2674E+01  0.1112E+02
   9.142  0.2291E+01  0.1114E+02
   9.152  0.1745E+01  0.1116E+02
   9.162  0.2193E+01  0.1118E+02
   9.172  0.3577E+01  0.1121E+02
   9.182  0.3790E+01  0.1125E+02
   9.192  0.2678E+01  0.1128E+02
   9.202  0.1778E+01  0.1130E+02
   9.212  0.2640E+01  0.1132E+02
   9.222  0.1114E+01  0.1133E+02
   9.232  0.9093E+00  0.1134E+02
   9.242  0.1321E+01  0.1136E+02
   9.252  0.1339E+01  0.1137E+02
   9.262  0.5899E+00  0.1138E+02
   9.272  0.5235E+00  0.1138E+02
   9.282  0.1246E+01  0.1139E+02
   9.292  0.9228E+00  0.1140E+02
   9.302  0.6908E+00  0.1141E+02
   9.312  0.1365E+01  0.1142E+02
   9.322  0.2236E+01  0.1145E+02
   9.332  0.1276E+01  0.1146E+02
   9.342  0.6979E+00  0.1147E+02
   9.352  0.1125E+01  0.1148E+02
   9.362  0.1143E+01  0.1149E+02
   9.372  0.6676E+00  0.1150E+02
   9.382  0.5257E+00  0.1150E+02
   9.392  0.1249E+01  0.1151E+02
   9.402  0.9425E+00  0.1152E+02
   9.412  0.5329E+00  0.1153E+02
   9.422  0.2351E+01  0.1155E+02
   9.432  0.2169E+01  0.1157E+02
   9.442  0.1300E+01  0.1159E+02
   9.452  0.5264E+01  0.1164E+02
   9.462  0.6603E+01  0.1170E+02
   9.472  0.5300E+01  0.1176E+02
   9.482  0.5904E+01  0.1182E+02
   9.492  0.5083E+01  0.1187E+02
   9.502  0.4021E+01  0.1191E+02
   9.512  0.4094E+01  0.1195E+02
   9.522  0.3826E+01  0.1199E+02
   9.532  0.3732E+01  0.1202E+02
   9.542  0.4182E+01  0.1207E+02
   9.552  0.3605E+01  0.1210E+02
   9.562  0.3804E+01  0.1214E+02
   9.572  0.2991E+01  0.1217E+02
   9.582  0.3597E+01  0.1221E+02
   9.592  0.3209E+01  0.1224E+02
   9.602  0.3869E+01  0.1228E+02
   9.612  0.4176E+01  0.1232E+02
   9.622  0.4405E+01  0.1236E+02
   9.632  0.4636E+01  0.1241E+02
   9.642  0.5289E+01  0.1246E+02
   9.652  0.7286E+01  0.1253E+02
   9.662  0.7731E+01  0.1261E+02
   9.672  0.2614E+01  0.1264E+02
   9.682  0.7699E+00  0.1265E+02
   9.692  0.9397E+00  0.1266E+02
   9.702  0.6776E+00  0.1266E+02
   9.712  0.8218E+00  0.1267E+02
   9.722  0.6811E+00  0.1268E+02
   9.732  0.9091E+00  0.1269E+02
   9.742  0.7784E+00  0.1269E+02
   9.752  0.5797E+00  0.1270E+02
   9.762  0.4483E+00  0.1270E+02
   9.772  0.7890E+00  0.1271E+02
   9.782  0.1611E+01  0.1273E+02
   9.792  0.1901E+01  0.1275E+02
   9.802  0.8046E+00  0.1276E+02
   9.812  0.7857E+00  0.1276E+02
   9.822  0.6180E+00  0.1277E+02
   9.832  0.1154E+00  0.1277E+02
   9.842  0.8010E-01  0.1277E+02
   9.852  0.6882E+00  0.1278E+02
   9.862  0.1393E+01  0.1279E+02
   9.872  0.1625E+01  0.1281E+02
   9.882  0.9637E+00  0.1282E+02
   9.892  0.4478E+00  0.1282E+02
   9.902  0.6227E+00  0.1283E+02
   9.912  0.1106E+01  0.1284E+02
   9.922  0.7699E+00  0.1285E+02
   9.932  0.6140E+00  0.1285E+02
   9.942  0.3871E+00  0.1286E+02
   9.952  0.5291E+00  0.1286E+02
   9.962  0.7982E+00  0.1287E+02
   9.972  0.3826E+00  0.1287E+02
   9.982  0.6045E+00  0.1288E+02
   9.992  0.1553E+01  0.1290E+02
  10.002  0.1145E+01  0.1291E+02
  10.012  0.5072E+00  0.1291E+02
  10.022  0.4853E+00  0.1292E+02
  10.032  0.6857E+00  0.1292E+02
  10.042  0.1019E+01  0.1293E+02
  10.052  0.1220E+01  0.1295E+02
  10.062  0.1644E+01  0.1296E+02
  10.072  0.5999E+00  0.1297E+02
  10.082  0.4527E-01  0.1297E+02
  10.092  0.8596E-01  0.1297E+02
  10.102  0.4590E+00  0.1298E+02
  10.112  0.6106E+00  0.1298E+02
  10.122  0.1033E+01  0.1299E+02
  10.132  0.9980E+00  0.1300E+02
  10.142  0.3321E+00  0.1300E+02
  10.152  0.5258E+00  0.1301E+02
  10.162  0.1196E+01  0.1302E+02
  10.172  0.1337E+01  0.1304E+02
  10.182  0.3709E+00  0.1304E+02
  10.192  0.5061E+00  0.1304E+02
  10.202  0.9976E+00  0.1305E+02
  10.212  0.9600E+00  0.1306E+02
  10.222  0.1426E+01  0.1308E+02
  10.232  0.9394E+00  0.1309E+02
  10.242  0.4525E+00  0.1309E+02
  10.252  0.5236E+00  0.1310E+02
  10.262  0.6975E+00  0.1310E+02
  10.272  0.1465E+01  0.1312E+02
  10.282  0.6315E+00  0.1313E+02
  10.292  0.1809E+00  0.1313E+02
  10.302  0.8423E+00  0.1314E+02
  10.312  0.6706E+00  0.1314E+02
  10.322  0.1264E+00  0.1314E+02
  10.332  0.6541E+00  0.1315E+02
  10.342  0.1920E+01  0.1317E+02
  10.352  0.1463E+01  0.1318E+02
  10.362  0.2329E+00  0.1319E+02
  10.372  0.8341E-01  0.1319E+02
  10.382  0.4297E+00  0.1319E+02
  10.392  0.3245E+00  0.1319E+02
  10.402  0.1047E+00  0.1320E+02
  10.412  0.9127E+00  0.1320E+02
  10.422  0.2267E+01  0.1323E+02
  10.432  0.1318E+01  0.1324E+02
  10.442  0.1043E+01  0.1325E+02
  10.452  0.4234E+00  0.1326E+02
  10.462  0.6178E-01  0.1326E+02
  10.472  0.4133E+00  0.1326E+02
  10.482  0.1247E+01  0.1327E+02
  10.492  0.1754E+01  0.1329E+02
  10.502  0.1310E+01  0.1330E+02
  10.512  0.4539E+00  0.1331E+02
  10.522  0.5579E+00  0.1331E+02
  10.532  0.1031E+01  0.1332E+02
  10.542  0.6989E+00  0.1333E+02
  10.552  0.2999E+00  0.1333E+02
  10.562  0.3536E+00  0.1334E+02
  10.572  0.9108E+00  0.1335E+02
  10.582  0.1520E+01  0.1336E+02
  10.592  0.6722E+00  0.1337E+02
  10.602  0.4310E+00  0.1337E+02
  10.612  0.8281E+00  0.1338E+02
  10.622  0.9530E+00  0.1339E+02
  10.632  0.4135E+00  0.1339E+02
  10.642  0.4163E+00  0.1340E+02
  10.652  0.4273E+00  0.1340E+02
  10.662  0.4405E+00  0.1341E+02
  10.672  0.3682E+00  0.1341E+02
  10.682  0.4647E-01  0.1341E+02
  10.692  0.8773E-03  0.1341E+02
  10.702  0.1470E-01  0.1341E+02
  10.712  0.3748E+00  0.1342E+02
  10.722  0.1467E+01  0.1343E+02
  10.732  0.1495E+01  0.1344E+02
  10.742  0.1103E+01  0.1346E+02
  10.752  0.6029E+00  0.1346E+02
  10.762  0.1331E+00  0.1346E+02
  10.772  0.4831E-02  0.1346E+02
  10.782  0.8241E-03  0.1346E+02
  10.792  0.4663E-01  0.1346E+02
  10.802  0.3682E+00  0.1347E+02
  10.812  0.4225E+00  0.1347E+02
  10.822  0.4296E+00  0.1348E+02
  10.832  0.8596E+00  0.1348E+02
  10.842  0.4575E+00  0.1349E+02
  10.852  0.5846E+00  0.1349E+02
  10.862  0.1811E+01  0.1351E+02
  10.872  0.1016E+01  0.1352E+02
  10.882  0.3467E+00  0.1353E+02
  10.892  0.4676E+00  0.1353E+02
  10.902  0.1172E+00  0.1353E+02
  10.912  0.1425E+00  0.1353E+02
  10.922  0.4814E+00  0.1354E+02
  10.932  0.2257E+00  0.1354E+02
  10.942  0.1434E-01  0.1354E+02
  10.952  0.4301E-02  0.1354E+02
  10.962  0.1276E+00  0.1354E+02
  10.972  0.6700E+00  0.1355E+02
  10.982  0.1089E+01  0.1356E+02
  10.992  0.6865E+00  0.1357E+02
  11.002  0.8218E+00  0.1358E+02
  11.012  0.1406E+01  0.1359E+02
  11.022  0.5102E+00  0.1359E+02
  11.032  0.4931E+00  0.1360E+02
  11.042  0.2615E+00  0.1360E+02
  11.052  0.3044E+00  0.1360E+02
  11.062  0.4532E+00  0.1361E+02
  11.072  0.9633E-01  0.1361E+02
  11.082  0.1281E-01  0.1361E+02
  11.092  0.2924E+00  0.1361E+02
  11.102  0.1308E+01  0.1363E+02
  11.112  0.8947E+00  0.1364E+02
  11.122  0.9252E-01  0.1364E+02
  11.132  0.7437E-01  0.1364E+02
  11.142  0.6007E+00  0.1364E+02
  11.152  0.1242E+01  0.1366E+02
  11.162  0.6265E+00  0.1366E+02
  11.172  0.5550E-01  0.1366E+02
  11.182  0.9878E-01  0.1366E+02
  11.192  0.4560E+00  0.1367E+02
  11.202  0.3419E+00  0.1367E+02
  11.212  0.4337E+00  0.1368E+02
  11.222  0.7421E+00  0.1368E+02
  11.232  0.1359E+01  0.1370E+02
  11.242  0.8082E+00  0.1370E+02
  11.252  0.8511E-01  0.1371E+02
  11.262  0.1879E-02  0.1371E+02
  11.272  0.3313E-01  0.1371E+02
  11.282  0.3438E+00  0.1371E+02
  11.292  0.8116E+00  0.1372E+02
  11.302  0.1090E+01  0.1373E+02
  11.312  0.7889E+00  0.1374E+02
  11.322  0.9250E+00  0.1375E+02
  11.332  0.3194E+00  0.1375E+02
  11.342  0.8629E-01  0.1375E+02
  11.352  0.4153E+00  0.1375E+02
  11.362  0.3465E+00  0.1376E+02
  11.372  0.1601E+00  0.1376E+02
  11.382  0.4740E+00  0.1376E+02
  11.392  0.2731E+00  0.1377E+02
  11.402  0.3984E+00  0.1377E+02
  11.412  0.9331E+00  0.1378E+02
  11.422  0.3939E+00  0.1378E+02
  11.432  0.3461E+00  0.1379E+02
  11.442  0.9957E+00  0.1380E+02
  11.452  0.1029E+01  0.1381E+02
  11.462  0.2458E+00  0.1381E+02
  11.472  0.4611E+00  0.1381E+02
  11.482  0.1253E+01  0.1383E+02
  11.492  0.8273E+00  0.1384E+02
  11.502  0.5393E+00  0.1384E+02
  11.512  0.3286E+00  0.1384E+02
  11.522  0.3353E-01  0.1384E+02
  11.532  0.1585E-02  0.1384E+02
  11.542  0.5700E-01  0.1384E+02
  11.552  0.3935E+00  0.1385E+02
  11.562  0.3916E+00  0.1385E+02
  11.572  0.3341E+00  0.1386E+02
  11.582  0.5503E+00  0.1386E+02
  11.592  0.1111E+01  0.1387E+02
  11.602  0.1885E+01  0.1389E+02
  11.612  0.1106E+01  0.1390E+02
  11.622  0.2703E+00  0.1391E+02
  11.632  0.3823E+00  0.1391E+02
  11.642  0.4807E+00  0.1391E+02
  11.652  0.5032E+00  0.1392E+02
  11.662  0.3226E+00  0.1392E+02
  11.672  0.3625E+00  0.1393E+02
  11.682  0.1029E+01  0.1394E+02
  11.692  0.1002E+01  0.1395E+02
  11.702  0.4165E+00  0.1395E+02
  11.712  0.5458E+00  0.1396E+02
  11.722  0.7288E+00  0.1396E+02
  11.732  0.1458E+01  0.1398E+02
  11.742  0.2550E+01  0.1400E+02
  11.752  0.3348E+01  0.1404E+02
  11.762  0.1848E+01  0.1405E+02
  11.772  0.1294E+01  0.1407E+02
  11.782  0.1651E+01  0.1408E+02
  11.792  0.9958E+00  0.1409E+02
  11.802  0.5420E+00  0.1410E+02
  11.812  0.4744E+00  0.1410E+02
  11.822  0.8110E+00  0.1411E+02
  11.832  0.7712E+00  0.1412E+02
  11.842  0.3613E+00  0.1412E+02
  11.852  0.8473E+00  0.1413E+02
  11.862  0.6286E+00  0.1414E+02
  11.872  0.8511E+00  0.1415E+02
  11.882  0.1324E+01  0.1416E+02
  11.892  0.9240E+00  0.1417E+02
  11.902  0.1188E+01  0.1418E+02
  11.912  0.7293E+00  0.1419E+02
  11.922  0.1568E+00  0.1419E+02
  11.932  0.5941E-01  0.1419E+02
  11.942  0.3853E+00  0.1419E+02
  11.952  0.4093E+00  0.1420E+02
  11.962  0.3834E+00  0.1420E+02
  11.972  0.6782E+00  0.1421E+02
  11.982  0.1267E+01  0.1422E+02
  11.992  0.1205E+01  0.1423E+02
  12.002  0.6364E+00  0.1424E+02
  12.012  0.1893E+00  0.1424E+02
  12.022  0.2730E+00  0.1425E+02
  12.032  0.4823E+00  0.1425E+02
  12.042  0.4975E+00  0.1426E+02
  12.052  0.1360E+01  0.1427E+02
  12.062  0.8219E+00  0.1428E+02
  12.072  0.4667E+00  0.1428E+02
  12.082  0.4510E+00  0.1429E+02
  12.092  0.5331E+00  0.1429E+02
  12.102  0.6993E+00  0.1430E+02
  12.112  0.4631E+00  0.1430E+02
  12.122  0.4510E+00  0.1431E+02
  12.132  0.6666E+00  0.1431E+02
  12.142  0.8609E+00  0.1432E+02
  12.152  0.5422E+00  0.1433E+02
  12.162  0.9050E-01  0.1433E+02
  12.172  0.2417E+00  0.1433E+02
